# ID             zHa               zabs          zLya          FHa        e_FHa           radius_Ha         Mstar
CDFb-BN88        2.2615            nan           nan           2.6e-17    0.2e-17            7.4            nan      
HDF-BX1055       2.4899            2.4865        2.4959        2.6e-17    0.6e-17            3.8            nan      
HDF-BX1084       2.4403            2.4392        nan           7.3e-17    0.2e-17            4.8            nan      
HDF-BX1085       2.2407            2.2381        nan           1.1e-17    0.1e-17            2.4            nan      
HDF-BX1086       2.4435            nan           nan           1.8e-17    0.2e-17            $<1.9$         nan      
HDF-BX1277       2.2713            2.2686        nan           5.3e-17    0.2e-17            5.0            0.5e10      
HDF-BX1303       2.3003            2.3024        2.3051        2.6e-17    0.5e-17            3.4            0.8e10      
HDF-BX1311       2.4843            2.4804        2.4890        8.0e-17    0.4e-17            5.5            0.9e10      
HDF-BX1322       2.4443            2.4401        2.4491        2.0e-17    0.2e-17            4.6            0.7e10      
HDF-BX1332       2.2136            2.2113        nan           4.4e-17    0.3e-17            5.5            0.2e10      
HDF-BX1368       2.4407            2.4380        2.4455        8.8e-17    0.4e-17            7.4            1.5e10      
HDF-BX1376       2.4294            2.4266        2.4338        2.2e-17    0.2e-17            2.9            0.2e10      
HDF-BX1388       2.0317            2.0305        nan           5.8e-17    0.5e-17            7.9            7.0e10      
HDF-BX1397       2.1328            2.1322        nan           5.3e-17    0.5e-17            8.6            1.7e10      
HDF-BX1409       2.2452            2.2433        nan           8.5e-17    0.6e-17            7.0            2.7e10      
HDF-BX1439       2.1865            2.1854        2.1913        8.8e-17    0.3e-17            8.2            4.5e10      
HDF-BX1479       2.3745            2.3726        2.3823        2.5e-17    0.2e-17            4.3            1.0e10      
HDF-BX1564       2.2225            2.2219        nan           8.6e-17    0.7e-17            15.4           3.3e10      
HDF-BX1567       2.2256            2.2257        nan           4.0e-17    0.6e-17            2.6            2.3e10      
HDF-BX305        2.4839            2.4825        nan           4.2e-17    0.4e-17            3.8            3.0e10      
HDF-BMZ1156      2.2151            nan           nan           5.4e-17    0.4e-17            $<1.9$         9.6e10      
Q0201-B13        2.1663            nan           nan           2.4e-17    0.1e-17            7.4            nan         
Q1307-BM1163     1.4105            1.4080        nan           28.7e-17   1.2e-17            6.7            nan         
Q1623-BX151      2.4393            nan           nan           3.5e-17    0.6e-17            8.4            nan         
Q1623-BX214      2.4700            2.4674        nan           5.3e-17    0.4e-17            4.1            nan         
Q1623-BX215      2.1814            2.1819        nan           4.8e-17    0.3e-17            5.0            nan         
Q1623-BX252      2.3367            nan           nan           1.1e-17    0.3e-17            $<1.9$         nan         
Q1623-BX274      2.4100            2.4081        2.4130        9.5e-17    0.3e-17            4.8            nan         
Q1623-BX344      2.4224            nan           nan           17.1e-17   0.8e-17            4.1            nan         
Q1623-BX366      2.4204            2.4169        nan           7.8e-17    1.5e-17            8.4            nan         
Q1623-BX376      2.4085            2.4061        2.4153        5.3e-17    0.7e-17            7.0            0.5e10      
Q1623-BX428      2.0538            2.0514        2.0594        2.7e-17    0.5e-17            1.4            1.1e10      
Q1623-BX429      2.0160            2.0142        nan           5.1e-17    0.5e-17            6.7            0.5e10      
Q1623-BX432      2.1817            nan           nan           5.4e-17    0.3e-17            4.6            0.8e10      
Q1623-BX447      2.1481            2.1478        nan           5.6e-17    0.3e-17            5.3            4.4e10      
Q1623-BX449      2.4188            nan           nan           3.5e-17    0.9e-17            $<1.9$         2.4e10      
Q1623-BX452      2.0595            2.0595        nan           4.4e-17    0.4e-17            9.6            4.3e10      
Q1623-BX453      2.1816            2.1724        2.1838        13.8e-17   0.2e-17            4.1            4.9e10      
Q1623-BX455      2.4074            2.4066        nan           18.8e-17   1.1e-17            5.0            0.09e10     
Q1623-BX458      2.4194            2.4174        nan           4.3e-17    0.5e-17            8.4            3.1e10      
Q1623-BX472      2.1142            2.1144        nan           3.9e-17    0.2e-17            6.0            3.2e10      
Q1623-BX502      2.1558            2.1549        2.1600        13.2e-17   0.4e-17            6.2            0.04e10     
Q1623-BX511      2.2421            nan           nan           3.4e-17    0.3e-17            6.2            0.8e10      
Q1623-BX513      2.2473            2.2469        2.2525        3.3e-17    0.3e-17            3.4            2.1e10      
Q1623-BX516      2.4236            2.4217        nan           5.2e-17    1.0e-17            2.6            5.1e10      
Q1623-BX522      2.4757            2.4742        nan           2.8e-17    0.3e-17            6.2            6.2e10      
Q1623-BX528      2.2682            2.2683        nan           7.7e-17    0.4e-17            7.9            12.2e10     
Q1623-BX543      2.5211            2.5196        nan           8.6e-17    0.7e-17            7.4            0.4e10      
Q1623-BX586      2.1045            nan           nan           5.1e-17    0.4e-17            5.3            2.5e10      
Q1623-BX599      2.3304            2.3289        2.3402        18.1e-17   0.4e-17            5.8            6.7e10      
Q1623-BX663      2.4333            2.4296        2.4353        8.2e-17    0.3e-17            7.0            13.2e10     
Q1623-MD107      2.5373            nan           nan           3.7e-17    0.4e-17            3.6            0.4e10      
Q1623-MD66       2.1075            2.1057        nan           19.7e-17   0.3e-17            5.3            3.9e10      
Q1700-BX490      2.3960            2.3969        2.4043        17.7e-17   0.6e-17            5.5            0.4e10      
Q1700-BX505      2.3089            nan           nan           3.6e-17    0.3e-17            7.4            3.6e10      
Q1700-BX523      2.4756            nan           nan           4.7e-17    0.5e-17            7.7            1.1e10      
Q1700-BX530      1.9429            1.9411        nan           12.2e-17   0.7e-17            6.2            1.8e10      
Q1700-BX536      1.9780            nan           nan           11.3e-17   0.7e-17            7.9            2.8e10      
Q1700-BX561      2.4332            2.4277        nan           1.9e-17    0.6e-17            $<1.9$         11.5e10     
Q1700-BX581      2.4022            2.3984        nan           4.0e-17    0.7e-17            4.3            0.2e10      
Q1700-BX681      1.7396            1.7398        1.7467        6.3e-17    0.2e-17            8.6            0.6e10      
Q1700-BX691      2.1895            nan           nan           7.7e-17    0.3e-17            6.7            7.6e10      
Q1700-BX717      2.4353            nan           2.4376        3.8e-17    0.4e-17            4.8            0.4e10      
Q1700-BX759      2.4213            nan           nan           1.3e-17    0.5e-17            2.4            2.4e10      
Q1700-BX794      2.2473            nan           nan           6.8e-17    0.4e-17            4.8            1.1e10      
Q1700-BX917      2.3069            2.3027        nan           7.4e-17    0.5e-17            10.6           4.0e10      
Q1700-MD69       2.2883            2.288         nan           8.2e-17    0.9e-17            9.4            18.6e10     
Q1700-MD94       2.3362            nan           nan           2.8e-17    0.3e-17            9.6            15.3e10     
Q1700-MD103      2.3148            nan           nan           4.1e-17    0.8e-17            8.4            6.6e10      
Q1700-MD109      2.2942            nan           nan           8.9e-17    0.7e-17            4.1            1.7e10      
Q1700-MD154      2.6291            nan           nan           7.5e-17    0.5e-17            8.2            4.4e10      
Q1700-MD174      2.3423            nan           nan           12.9e-17   1.4e-17            3.6            23.6e10     
Q2343-BM133      1.4774            1.4769        nan           28.7e-17   0.8e-17            7.7            0.5e10      
Q2343-BM181      1.4951            1.4952        nan           3.4e-17    0.5e-17            7.7            nan         
Q2343-BX163      2.1213            nan           nan           2.2e-17    0.4e-17            4.1            1.3e10      
Q2343-BX169      2.2094            2.2105        2.2173        4.7e-17    0.3e-17            3.1            0.9e10      
Q2343-BX182      2.2879            2.2857        2.2909        2.4e-17    0.3e-17            2.6            0.4e10      
Q2343-BX236      2.4348            2.4304        2.4372        3.1e-17    0.6e-17            4.8            2.1e10      
Q2343-BX336      2.5439            2.5448        2.5516        4.3e-17    0.6e-17            5.0            1.9e10      
Q2343-BX341      2.5749            2.5715        nan           4.0e-17    0.6e-17            2.4            0.5e10      
Q2343-BX378      2.0441            nan           nan           4.5e-17    1.0e-17            7.4            0.3e10      
Q2343-BX389      2.1716            2.1722        nan           12.0e-17   0.4e-17            10.1           6.1e10      
Q2343-BX390      2.2313            2.2290        nan           4.9e-17    0.5e-17            10.8           0.7e10      
Q2343-BX391      2.1740            2.1714        nan           4.2e-17    0.2e-17            6.0            0.2e10      
Q2343-BX418      2.3052            2.3030        2.3084        8.0e-17    0.2e-17            3.6            0.1e10      
Q2343-BX429      2.1751            nan           nan           4.8e-17    0.3e-17            9.4            0.4e10      
Q2343-BX435      2.1119            2.1088        2.1153        8.1e-17    0.4e-17            8.9            4.4e10      
Q2343-BX436      2.3277            2.3253        2.3315        7.2e-17    0.4e-17            9.1            1.1e10      
Q2343-BX442      2.1760            nan           nan           7.1e-17    0.3e-17            10.6           14.7e10     
Q2343-BX461      2.5662            2.5649        2.5759        7.0e-17    0.7e-17            7.7            0.1e10      
Q2343-BX474      2.2257            2.2263        nan           5.0e-17    0.3e-17            7.0            7.2e10      
Q2343-BX480      2.2313            2.2297        2.2352        3.0e-17    0.2e-17            3.4            3.0e10      
Q2343-BX493      2.3396            2.3375        2.3447        5.3e-17    0.9e-17            6.5            0.1e10      
Q2343-BX513      2.1092            2.1090        2.114         10.1e-17   0.4e-17            4.1            5.9e10      
Q2343-BX529      2.1129            2.1116        2.1190        3.5e-17    0.5e-17            $<1.9$         0.6e10      
Q2343-BX537      2.3396            nan           nan           5.2e-17    0.3e-17            5.3            0.8e10      
Q2343-BX587      2.2430            2.2382        nan           5.5e-17    0.4e-17            7.7            3.5e10      
Q2343-BX599      2.0116            2.0112        nan           4.5e-17    0.4e-17            7.2            3.3e10      
Q2343-BX601      2.3769            2.3745        2.3823        7.4e-17    0.4e-17            5.3            2.3e10      
Q2343-BX610      2.2094            2.2083        2.2129        8.1e-17    0.4e-17            8.4            23.2e10     
Q2343-BX660      2.1735            2.1709        2.1771        9.4e-17    0.4e-17            6.2            1.4e10      
Q2343-MD59       2.0116            2.0107        nan           2.9e-17    0.4e-17            5.5            7.6e10      
Q2343-MD62       2.1752            2.1740        nan           2.3e-17    0.3e-17            6.7            1.9e10      
Q2343-MD80       2.0138            2.0116        nan           3.2e-17    0.3e-17            2.6            0.6e10      
Q2346-BX120      2.2664            nan           nan           5.3e-17    0.3e-17            6.2            nan         
Q2346-BX220      1.9677            1.9664        nan           10.3e-17   0.6e-17            6.5            1.7e10      
Q2346-BX244      1.6465            1.6462        1.6516        5.4e-17    0.8e-17            7.7            nan         
Q2346-BX404      2.0282            2.0270        2.0348        13.9e-17   0.3e-17            3.6            4.0e10      
Q2346-BX405      2.0300            2.0298        2.0358        14.0e-17   0.2e-17            5.8            1.6e10      
Q2346-BX416      2.2404            2.2407        nan           12.1e-17   0.7e-17            4.3            2.5e10      
Q2346-BX482      2.2569            2.2575        nan           11.2e-17   0.3e-17            9.8            nan         
SSA22a-MD41      2.1713            nan           nan           7.9e-17    0.1e-17            9.6            nan         
West-BM115       1.6065            1.6060        nan           5.9e-17    0.4e-17            5.5            nan         
West-BX600       2.1607            nan           nan           6.3e-17    0.4e-17            8.2            nan         