#            ID                RA              DEC         z          FLUX_U       FLUXERR_U          FLUX_G       FLUXERR_G          FLUX_R       FLUXERR_R          FLUX_J       FLUXERR_J         FLUX_Ks      FLUXERR_Ks   
      CDFb-BN88     13.4702916667    +12.397569444    2.2615    8.241381e-07    5.929663e-09    1.541700e-06    3.507761e-08    2.013724e-06    4.753681e-08             nan             nan             nan             nan   
     HDF-BX1055    188.9982916667    +62.218750000    2.4899    3.191538e-07    5.929663e-09    6.729767e-07    3.507761e-08    8.394600e-07    4.753681e-08             nan             nan             nan             nan   
     HDF-BX1084    189.0565416667    +62.205966667    2.4403    7.447320e-07    5.929663e-09    1.445440e-06    3.507761e-08    1.836538e-06    4.753681e-08             nan             nan             nan             nan   
     HDF-BX1085    189.0555416667    +62.204530556    2.2407    1.905461e-07    5.929663e-09    4.246196e-07    3.507761e-08    5.754399e-07    4.753681e-08             nan             nan             nan             nan   
     HDF-BX1086    189.0558750000    +62.205233333    2.4435    1.270574e-07    5.929663e-09    3.467369e-07    3.507761e-08    5.058247e-07    4.753681e-08             nan             nan             nan             nan   
     HDF-BX1277    189.3274583333    +62.165427778    2.2713    5.152286e-07    5.929663e-09    9.036495e-07    3.507761e-08    1.028016e-06    4.753681e-08    2.469631e-06    6.755571e-08    2.056183e-06    1.399883e-07   
     HDF-BX1303    189.2966666667    +62.188519444    2.3003    2.013724e-07    5.929663e-09    4.246196e-07    3.507761e-08    4.698941e-07    4.753681e-08    7.122493e-07    6.755571e-08    2.541334e-06    1.399883e-07   
     HDF-BX1311    189.1272500000    +62.273922222    2.4843    6.854882e-07    5.929663e-09    1.445440e-06    3.507761e-08    1.753881e-06    4.753681e-08    2.358479e-06    6.755571e-08    4.217565e-06    1.399883e-07   
     HDF-BX1322    189.2772500000    +62.206927778    2.4443    5.248075e-07    5.929663e-09    8.871560e-07    3.507761e-08    1.180321e-06    4.753681e-08    8.803028e-07    6.755571e-08    2.735658e-06    1.399883e-07   
     HDF-BX1332    189.3213750000    +62.194430556    2.2136    4.055085e-07    5.929663e-09    9.462372e-07    3.507761e-08    1.270574e-06    4.753681e-08    1.616710e-06    6.755571e-08    3.508018e-06    1.399883e-07   
     HDF-BX1368    189.2010000000    +62.265622222    2.4407    3.467369e-07    5.929663e-09    8.394600e-07    3.507761e-08    1.106624e-06    4.753681e-08    1.631669e-06    6.755571e-08    3.673345e-06    1.399883e-07   
     HDF-BX1376    189.2206666667    +62.262652778    2.4294    3.047895e-07    5.929663e-09    5.807644e-07    3.507761e-08    5.861382e-07    4.753681e-08    8.484613e-07    6.755571e-08    9.227027e-07    1.399883e-07   
     HDF-BX1388    189.1868333333    +62.287733333    2.0317    1.721869e-07    5.929663e-09    4.285485e-07    3.507761e-08    5.495409e-07    4.753681e-08    3.137849e-06    6.755571e-08    6.871662e-06    1.399883e-07   
     HDF-BX1397    189.2671666667    +62.252733333    2.1328    3.564511e-07    5.929663e-09    7.177943e-07    3.507761e-08    8.165824e-07    4.753681e-08    2.562312e-06    6.755571e-08    2.944841e-06    1.399883e-07   
     HDF-BX1409    189.1975416667    +62.291305556    2.2452    1.076465e-07    5.929663e-09    3.162278e-07    3.507761e-08    4.965923e-07    4.753681e-08    1.724376e-06    6.755571e-08    6.152644e-06    1.399883e-07   
     HDF-BX1439    189.2235833333    +62.290075000    2.1865    3.801894e-07    5.929663e-09    7.870458e-07    3.507761e-08    1.000000e-06    4.753681e-08    2.732952e-06    6.755571e-08    8.493013e-06    1.399883e-07   
     HDF-BX1479    189.3142500000    +62.267744444    2.3745    2.654606e-07    5.929663e-09    5.495409e-07    3.507761e-08    6.367955e-07    4.753681e-08    1.098075e-06    6.755571e-08    1.981809e-06    1.399883e-07   
     HDF-BX1564    189.3477916667    +62.288894444    2.2225    5.445027e-07    5.929663e-09    1.380384e-06    3.507761e-08    1.770109e-06    4.753681e-08    4.619895e-06    6.755571e-08    9.312403e-06    1.399883e-07   
     HDF-BX1567    189.3465416667    +62.289969444    2.2256    4.655861e-07    5.929663e-09    1.224616e-06    3.507761e-08    1.445440e-06    4.753681e-08    4.213394e-06    6.755571e-08    5.559833e-06    1.399883e-07   
      HDF-BX305    189.1547083333    +62.274544444    2.4839    1.028016e-07    5.929663e-09    3.404082e-07    3.507761e-08    7.046931e-07    4.753681e-08    1.249200e-06    6.755571e-08    5.768485e-06    1.399883e-07   
    HDF-BMZ1156    189.2680833333    +62.246188889    2.2151    6.309573e-07    5.929663e-09    5.199960e-07    3.507761e-08    5.152286e-07    4.753681e-08    2.358479e-06    6.755571e-08    4.842412e-06    1.399883e-07   
      Q0201-B13     30.9552083333    +11.602938889    2.1663    8.709636e-07    5.929663e-09    1.644372e-06    3.507761e-08    1.674943e-06    4.753681e-08             nan             nan             nan             nan   
   Q1307-BM1163    197.0751666667    +29.388705556    1.4105    4.742420e-06    5.929663e-09    6.546362e-06    3.507761e-08    7.870458e-06    4.753681e-08             nan             nan             nan             nan   
    Q1623-BX151    246.3733750000    +26.895836111    2.4393    2.051162e-07    5.929663e-09    4.613176e-07    3.507761e-08    5.248075e-07    4.753681e-08             nan             nan             nan             nan   
    Q1623-BX214    246.3902916667    +26.898200000    2.4700    2.147830e-07    5.929663e-09    6.025596e-07    3.507761e-08    8.629785e-07    4.753681e-08             nan             nan             nan             nan   
    Q1623-BX215    246.3908333333    +26.897405556    2.1814    2.910717e-07    5.929663e-09    4.742420e-07    3.507761e-08    6.025596e-07    4.753681e-08             nan             nan             nan             nan   
    Q1623-BX252    246.4040000000    +26.765238889    2.3367    1.940886e-07    5.929663e-09    3.221069e-07    3.507761e-08    3.435579e-07    4.753681e-08             nan             nan             nan             nan   
    Q1623-BX274    246.4091666667    +26.765872222    2.4100    6.486344e-07    5.929663e-09    1.472313e-06    3.507761e-08    1.853532e-06    4.753681e-08             nan             nan             nan             nan   
    Q1623-BX344    246.4330416667    +26.728327778    2.4224    1.367729e-07    5.929663e-09    4.325138e-07    3.507761e-08    6.194411e-07    4.753681e-08             nan             nan             nan             nan   
    Q1623-BX366    246.4378750000    +26.729708333    2.4204    2.805434e-07    5.929663e-09    7.244360e-07    3.507761e-08    1.056818e-06    4.753681e-08             nan             nan             nan             nan   
    Q1623-BX376    246.4399583333    +26.780350000    2.4085    6.918310e-07    5.929663e-09    1.380384e-06    3.507761e-08    1.721869e-06    4.753681e-08    1.616710e-06    6.755571e-08    3.027344e-06    1.399883e-07   
    Q1623-BX428    246.4517083333    +26.794500000    2.0538    3.191538e-07    5.929663e-09    8.472274e-07    3.507761e-08    9.549926e-07    4.753681e-08    3.109081e-06    6.755571e-08    3.381129e-06    1.399883e-07   
    Q1623-BX429    246.4527083333    +26.754019444    2.0160    6.854882e-07    5.929663e-09    1.148154e-06    3.507761e-08    1.282331e-06    4.753681e-08    1.692903e-06    6.755571e-08    2.760971e-06    1.399883e-07   
    Q1623-BX432    246.4530416667    +26.779800000    2.1817    2.992265e-07    5.929663e-09    4.875285e-07    3.507761e-08    5.345644e-07    4.753681e-08    7.809659e-07    6.755571e-08    1.679043e-06    1.399883e-07   
    Q1623-BX447    246.4598750000    +26.787300000    2.1481    1.753881e-07    5.929663e-09    5.011872e-07    3.507761e-08    5.861382e-07    4.753681e-08    2.016657e-06    6.755571e-08    3.954229e-06    1.399883e-07   
    Q1623-BX449    246.4605416667    +26.783325000    2.4188    1.958845e-07    5.929663e-09    3.435579e-07    3.507761e-08    4.130475e-07    4.753681e-08    7.881921e-07    6.755571e-08    1.892613e-06    1.399883e-07   
    Q1623-BX452    246.4625000000    +26.738888889    2.0595    1.690441e-07    5.929663e-09    3.872576e-07    3.507761e-08    4.655861e-07    4.753681e-08    1.395186e-06    6.755571e-08    3.917976e-06    1.399883e-07   
    Q1623-BX453    246.4618333333    +26.825388889    2.1816    4.168694e-07    5.929663e-09    1.037528e-06    3.507761e-08    1.614359e-06    4.753681e-08    4.213394e-06    6.755571e-08    8.185812e-06    1.399883e-07   
    Q1623-BX455    246.4652500000    +26.781911111    2.4074    1.419058e-07    5.929663e-09    3.162278e-07    3.507761e-08    4.365158e-07    4.753681e-08    6.801928e-07    6.755571e-08    1.559774e-06    1.399883e-07   
    Q1623-BX458    246.4649166667    +26.772608333    2.4194    5.546257e-07    5.929663e-09    1.213389e-06    3.507761e-08    1.570363e-06    4.753681e-08    3.080577e-06    6.755571e-08    4.065011e-06    1.399883e-07   
    Q1623-BX472    246.4702916667    +26.777675000    2.1142    1.995262e-07    5.929663e-09    4.613176e-07    3.507761e-08    5.345644e-07    4.753681e-08    1.272425e-06    6.755571e-08    3.140955e-06    1.399883e-07   
    Q1623-BX502    246.4765833333    +26.735902778    2.1558    3.404082e-07    5.929663e-09    5.395106e-07    3.507761e-08    6.606934e-07    4.753681e-08    9.476153e-07    6.755571e-08    1.002448e-06    1.399883e-07   
    Q1623-BX511    246.4837916667    +26.745713889    2.2421    6.668068e-08    5.929663e-09    1.753881e-07    3.507761e-08    2.582260e-07    4.753681e-08             nan             nan    1.273684e-06    1.399883e-07   
    Q1623-BX513    246.4827500000    +26.780638889    2.2473    7.655966e-07    5.929663e-09    1.432188e-06    3.507761e-08    1.819701e-06    4.753681e-08    2.358479e-06    6.755571e-08    5.408313e-06    1.399883e-07   
    Q1623-BX516    246.4844583333    +26.735608333    2.4236    3.435579e-07    5.929663e-09    7.311391e-07    3.507761e-08    9.638290e-07    4.753681e-08    1.284198e-06    6.755571e-08    4.498438e-06    1.399883e-07   
    Q1623-BX522    246.4823333333    +26.748133333    2.4757    1.445440e-07    5.929663e-09    4.325138e-07    3.507761e-08    5.754399e-07    4.753681e-08    1.192977e-06    6.755571e-08    3.288984e-06    1.399883e-07   
    Q1623-BX528    246.4851666667    +26.837622222    2.2682    5.649370e-07    5.929663e-09    1.086426e-06    3.507761e-08    1.367729e-06    4.753681e-08    3.737938e-06    6.755571e-08    8.261555e-06    1.399883e-07   
    Q1623-BX543    246.4904166667    +26.835719444    2.5211    5.701643e-07    5.929663e-09    1.380384e-06    3.507761e-08    2.070141e-06    4.753681e-08    2.809520e-06    6.755571e-08    3.990817e-06    1.399883e-07   
    Q1623-BX586    246.5063333333    +26.761550000    2.1045    1.786488e-07    5.929663e-09    3.981072e-07    3.507761e-08    5.345644e-07    4.753681e-08    1.369721e-06    6.755571e-08    3.027344e-06    1.399883e-07   
    Q1623-BX599    246.5105833333    +26.758861111    2.3304    5.970353e-07    5.929663e-09    1.247384e-06    3.507761e-08    1.527566e-06    4.753681e-08    2.402327e-06    6.755571e-08    6.999416e-06    1.399883e-07   
    Q1623-BX663    246.5190833333    +26.800055556    2.4333    2.511886e-07    5.929663e-09    6.426877e-07    3.507761e-08    8.016781e-07    4.753681e-08    1.529791e-06    6.755571e-08    7.064180e-06    1.399883e-07   
    Q1623-MD107    246.4744583333    +26.754294444    2.5373    6.309573e-08    5.929663e-09    2.355049e-07    3.507761e-08    2.630268e-07    4.753681e-08    3.377785e-07    6.755571e-08    6.999416e-07    1.399883e-07   
     Q1623-MD66    246.4182916667    +26.835800000    2.1075    1.870682e-07    5.929663e-09    6.792036e-07    3.507761e-08    9.549926e-07    4.753681e-08    2.707896e-06    6.755571e-08    5.715599e-06    1.399883e-07   
    Q1700-BX490    255.3117916667    +64.164358333    2.3960    7.870458e-07    5.929663e-09    1.836538e-06    3.507761e-08    2.558586e-06    4.753681e-08    3.772524e-06    6.755571e-08    6.623107e-06    1.399883e-07   
    Q1700-BX505    255.2009166667    +64.168294444    2.3089    6.309573e-08    5.929663e-09    2.051162e-07    3.507761e-08    3.104560e-07    4.753681e-08    9.563835e-07    6.755571e-08    2.999589e-06    1.399883e-07   
    Q1700-BX523    255.1737916667    +64.170800000    2.4756    1.148154e-07    5.929663e-09    3.732502e-07    3.507761e-08    5.701643e-07    4.753681e-08    1.182040e-06    6.755571e-08    2.786518e-06    1.399883e-07   
    Q1700-BX530    255.1535833333    +64.171494444    1.9429    9.549926e-07    5.929663e-09    1.803018e-06    3.507761e-08    2.187762e-06    4.753681e-08    5.353429e-06    6.755571e-08    7.064180e-06    1.399883e-07   
    Q1700-BX536    255.2872500000    +64.173597222    1.9780    9.120108e-07    5.929663e-09    1.887991e-06    3.507761e-08    2.290868e-06    4.753681e-08    6.034372e-06    6.755571e-08    8.571598e-06    1.399883e-07   
    Q1700-BX561    255.2674166667    +64.178841667    2.4332    1.614359e-07    5.929663e-09    4.207266e-07    3.507761e-08    5.011872e-07    4.753681e-08    1.856231e-06    6.755571e-08    7.397105e-06    1.399883e-07   
    Q1700-BX581    255.2613750000    +64.180916667    2.4022    4.487454e-07    5.929663e-09    7.943282e-07    3.507761e-08    1.028016e-06    4.753681e-08    1.249200e-06    6.755571e-08    3.170018e-06    1.399883e-07   
    Q1700-BX681    255.3906666667    +64.201188889    1.7396    3.221069e-06    5.929663e-09    4.655861e-06    3.507761e-08    5.546257e-06    4.753681e-08    1.020075e-05    6.755571e-08    1.396567e-05    1.399883e-07   
    Q1700-BX691    255.2750000000    +64.202852778    2.1895    1.191242e-07    5.929663e-09    2.187762e-07    3.507761e-08    2.679168e-07    4.753681e-08    1.543946e-06    6.755571e-08    3.508018e-06    1.399883e-07   
    Q1700-BX717    255.2374583333    +64.206600000    2.4353    2.108628e-07    5.929663e-09    3.698282e-07    3.507761e-08    4.446313e-07    4.753681e-08    6.864866e-07    6.755571e-08    1.150964e-06    1.399883e-07   
    Q1700-BX759    255.2481250000    +64.215402778    2.4213    1.342765e-07    5.929663e-09    4.405549e-07    3.507761e-08    6.137620e-07    4.753681e-08    1.434274e-06    6.755571e-08    2.113790e-06    1.399883e-07   
    Q1700-BX794    255.1970833333    +64.221861111    2.2473    5.597576e-07    5.929663e-09    9.549926e-07    3.507761e-08    1.318257e-06    4.753681e-08    2.683070e-06    6.755571e-08    4.027743e-06    1.399883e-07   
    Q1700-BX917    255.3171250000    +64.238833333    2.3069    1.976970e-07    5.929663e-09    4.742420e-07    3.507761e-08    6.137620e-07    4.753681e-08    2.492482e-06    6.755571e-08    6.383543e-06    1.399883e-07   
    Q1700-MD103    255.2508750000    +64.198772222    2.3148    1.224616e-07    5.929663e-09    4.830588e-07    3.507761e-08    7.379042e-07    4.753681e-08    2.683070e-06    6.755571e-08    6.935245e-06    1.399883e-07   
    Q1700-MD109    255.2686666667    +64.202580556    2.2942    4.965923e-08    5.929663e-09    1.870682e-07    3.507761e-08    2.376840e-07    4.753681e-08    6.034372e-07    6.755571e-08    1.285470e-06    1.399883e-07   
    Q1700-MD154    255.4099583333    +64.249269444    2.6291    1.629296e-07    5.929663e-09    9.462372e-07    3.507761e-08    1.853532e-06    4.753681e-08    3.052334e-06    6.755571e-08    8.811742e-06    1.399883e-07   
    Q1700-MD174    255.2272500000    +64.273544444    2.3423    1.018591e-07    5.929663e-09    4.055085e-07    3.507761e-08    5.445027e-07    4.753681e-08             nan             nan    7.195513e-06    1.399883e-07   
     Q1700-MD69    255.1984166667    +64.162438889    2.2883    7.447320e-08    5.929663e-09    2.964831e-07    3.507761e-08    4.168694e-07    4.753681e-08    1.344721e-06    6.755571e-08    6.267030e-06    1.399883e-07   
     Q1700-MD94    255.1750833333    +64.190061111    2.3362    2.964831e-08    5.929663e-09    1.976970e-07    3.507761e-08    4.698941e-07    4.753681e-08    2.211221e-06    6.755571e-08    9.058614e-06    1.399883e-07   
    Q2343-BM133    356.5674166667    +12.802586111    1.4774    2.805434e-06    5.929663e-09    3.341950e-06    3.507761e-08    3.341950e-06    4.753681e-08    5.304349e-06    6.755571e-08    4.140586e-06    1.399883e-07   
    Q2343-BM181    356.6126250000    +12.822125000    1.4951    3.076097e-07    5.929663e-09    4.017908e-07    3.507761e-08    4.487454e-07    4.753681e-08             nan             nan             nan             nan   
    Q2343-BX163    356.5199166667    +12.760494444    2.1213    4.487454e-07    5.929663e-09    8.629785e-07    3.507761e-08    8.550667e-07    4.753681e-08    1.772687e-06    6.755571e-08    1.841034e-06    1.399883e-07   
    Q2343-BX169    356.5209583333    +12.761325000    2.2094    8.953648e-07    5.929663e-09    1.737801e-06    3.507761e-08    2.070141e-06    4.753681e-08    2.941928e-06    6.755571e-08    3.288984e-06    1.399883e-07   
    Q2343-BX182    356.5751666667    +12.764197222    2.2879    6.081350e-07    5.929663e-09    1.018591e-06    3.507761e-08    1.158777e-06    4.753681e-08    1.515766e-06    6.755571e-08    1.503356e-06    1.399883e-07   
    Q2343-BX236    356.5779583333    +12.771102778    2.4348    3.221069e-07    5.929663e-09    6.194411e-07    3.507761e-08    7.046931e-07    4.753681e-08    1.118490e-06    6.755571e-08    2.075209e-06    1.399883e-07   
    Q2343-BX336    356.6230416667    +12.784655556    2.5439    2.376840e-07    5.929663e-09    6.854882e-07    3.507761e-08    9.908319e-07    4.753681e-08    1.474457e-06    6.755571e-08    3.140955e-06    1.399883e-07   
    Q2343-BX341    356.5968333333    +12.785547222    2.5749    2.333458e-07    5.929663e-09    5.296634e-07    3.507761e-08    7.516229e-07    4.753681e-08    6.318763e-07    6.755571e-08    1.807431e-06    1.399883e-07   
    Q2343-BX378    356.6412500000    +12.790611111    2.0441    2.070141e-07    5.929663e-09    3.435579e-07    3.507761e-08    4.365158e-07    4.753681e-08    8.102743e-07    6.755571e-08    1.140412e-06    1.399883e-07   
    Q2343-BX389    356.6204166667    +12.792652778    2.1716    1.009253e-07    5.929663e-09    3.221069e-07    3.507761e-08    4.168694e-07    4.753681e-08    1.048654e-06    6.755571e-08    5.559833e-06    1.399883e-07   
    Q2343-BX390    356.6030000000    +12.792722222    2.2313    2.535129e-07    5.929663e-09    5.248075e-07    3.507761e-08    6.546362e-07    4.753681e-08    9.563835e-07    6.755571e-08    2.000146e-06    1.399883e-07   
    Q2343-BX391    356.6169583333    +12.792172222    2.1740    1.786488e-07    5.929663e-09    4.528976e-07    3.507761e-08    5.701643e-07    4.753681e-08    7.527176e-07    6.755571e-08    1.109333e-06    1.399883e-07   
    Q2343-BX418    356.5773750000    +12.796494444    2.3052    6.854882e-07    5.929663e-09    9.638290e-07    3.507761e-08    9.204496e-07    4.753681e-08    5.402964e-07    6.755571e-08    1.161614e-06    1.399883e-07   
    Q2343-BX429    356.6052083333    +12.797555556    2.1751    1.127197e-07    5.929663e-09    2.466039e-07    3.507761e-08    3.250873e-07    4.753681e-08    4.452788e-07    6.755571e-08    1.161614e-06    1.399883e-07   
    Q2343-BX435    356.6098333333    +12.798627778    2.1119    2.013724e-07    5.929663e-09    5.199960e-07    3.507761e-08    7.379042e-07    4.753681e-08    2.170861e-06    6.755571e-08    4.624468e-06    1.399883e-07   
    Q2343-BX436    356.5377500000    +12.798888889    2.3277    1.247384e-06    5.929663e-09    1.923092e-06    3.507761e-08    2.147830e-06    4.753681e-08    3.024350e-06    6.755571e-08    2.518035e-06    1.399883e-07   
    Q2343-BX442    356.5806666667    +12.799913889    2.1760    1.419058e-07    5.929663e-09    4.055085e-07    3.507761e-08    5.861382e-07    4.753681e-08    2.016657e-06    6.755571e-08    7.534627e-06    1.399883e-07   
    Q2343-BX461    356.6373333333    +12.802263889    2.5662    1.836538e-07    5.929663e-09    4.207266e-07    3.507761e-08    6.309573e-07    4.753681e-08    5.304349e-07    6.755571e-08    1.409489e-06    1.399883e-07   
    Q2343-BX474    356.6370000000    +12.803911111    2.2257    1.614359e-07    5.929663e-09    4.655861e-07    3.507761e-08    6.194411e-07    4.753681e-08    1.873407e-06    6.755571e-08    3.917976e-06    1.399883e-07   
    Q2343-BX480    356.5912500000    +12.804336111    2.2313    3.341950e-07    5.929663e-09    8.629785e-07    3.507761e-08    1.127197e-06    4.753681e-08    1.756435e-06    6.755571e-08    4.375843e-06    1.399883e-07   
    Q2343-BX493    356.5602500000    +12.806011111    2.3396    4.830588e-07    5.929663e-09    9.908319e-07    3.507761e-08    1.282331e-06    4.753681e-08    1.692903e-06    6.755571e-08    1.435694e-06    1.399883e-07   
    Q2343-BX513    356.5463750000    +12.808927778    2.1092    5.546257e-07    5.929663e-09    8.090959e-07    3.507761e-08    9.727472e-07    4.753681e-08    2.515545e-06    6.755571e-08    5.984967e-06    1.399883e-07   
    Q2343-BX529    356.5405000000    +12.811202778    2.1129    2.228435e-07    5.929663e-09    5.152286e-07    3.507761e-08    6.194411e-07    4.753681e-08    1.039040e-06    6.755571e-08    1.790861e-06    1.399883e-07   
    Q2343-BX537    356.6064583333    +12.812372222    2.3396    2.535129e-07    5.929663e-09    4.920395e-07    3.507761e-08    6.081350e-07    4.753681e-08    9.049656e-07    6.755571e-08    1.758174e-06    1.399883e-07   
    Q2343-BX587    356.6215833333    +12.817594444    2.2430    3.944573e-07    5.929663e-09    1.106624e-06    3.507761e-08    1.485936e-06    4.753681e-08    2.586021e-06    6.755571e-08    5.875729e-06    1.399883e-07   
    Q2343-BX599    356.5577083333    +12.819808333    2.0116    6.251727e-07    5.929663e-09    1.318257e-06    3.507761e-08    1.445440e-06    4.753681e-08    3.569703e-06    6.755571e-08    4.540062e-06    1.399883e-07   
    Q2343-BX601    356.5850000000    +12.820252778    2.3769    6.025596e-07    5.929663e-09    1.202264e-06    3.507761e-08    1.472313e-06    4.753681e-08    2.336857e-06    6.755571e-08    3.954229e-06    1.399883e-07   
    Q2343-BX610    356.5392916667    +12.822002778    2.2094    4.920395e-07    5.929663e-09    9.817479e-07    3.507761e-08    1.342765e-06    4.753681e-08    4.060991e-06    6.755571e-08    1.358507e-05    1.399883e-07   
    Q2343-BX660    356.6226250000    +12.829316667    2.1735    4.698941e-07    5.929663e-09    7.112135e-07    3.507761e-08    6.546362e-07    4.753681e-08    7.809659e-07    6.755571e-08    2.661104e-06    1.399883e-07   
     Q2343-MD59    356.6120833333    +12.794408333    2.0116    7.870458e-08    5.929663e-09    3.047895e-07    3.507761e-08    3.664376e-07    4.753681e-08    1.249200e-06    6.755571e-08    5.768485e-06    1.399883e-07   
     Q2343-MD62    356.6134583333    +12.795411111    2.1752    7.379042e-08    5.929663e-09    2.290868e-07    3.507761e-08    2.779713e-07    4.753681e-08    5.207533e-07    6.755571e-08    1.726083e-06    1.399883e-07   
     Q2343-MD80    356.5449583333    +12.809233333    2.0138    1.169499e-07    5.929663e-09    3.981072e-07    3.507761e-08    4.325138e-07    4.753681e-08    1.501869e-06    6.755571e-08    1.841034e-06    1.399883e-07   
    Q2346-BX120    357.1095833333     +0.342544444    2.2664    1.432188e-07    5.929663e-09    3.311311e-07    3.507761e-08    3.372873e-07    4.753681e-08             nan             nan             nan             nan   
    Q2346-BX220    357.1920833333     +0.372486111    1.9677    4.528976e-07    5.929663e-09    1.037528e-06    3.507761e-08    1.355189e-06    4.753681e-08             nan             nan    3.083627e-06    1.399883e-07   
    Q2346-BX244    357.0400416667     +0.376716667    1.6465    1.306171e-07    5.929663e-09    3.801894e-07    3.507761e-08    5.546257e-07    4.753681e-08             nan             nan             nan             nan   
    Q2346-BX404    357.0891666667     +0.411963889    2.0282    9.289664e-07    5.929663e-09    1.355189e-06    3.507761e-08    1.599558e-06    4.753681e-08             nan             nan    6.267030e-06    1.399883e-07   
    Q2346-BX405    357.0884166667     +0.412627778    2.0300    8.790225e-07    5.929663e-09    1.527566e-06    3.507761e-08    1.644372e-06    4.753681e-08             nan             nan    5.117546e-06    1.399883e-07   
    Q2346-BX416    357.0758750000     +0.415361111    2.2404    5.058247e-07    5.929663e-09    1.009253e-06    3.507761e-08    1.458814e-06    4.753681e-08             nan             nan    4.978079e-06    1.399883e-07   
    Q2346-BX482    357.0540416667     +0.429538889    2.2569    6.081350e-07    5.929663e-09    1.393157e-06    3.507761e-08    1.706082e-06    4.753681e-08             nan             nan             nan             nan   
    SSA22a-MD41    334.4165416667     +0.286400000    2.1713    4.325138e-07    5.929663e-09    1.445440e-06    3.507761e-08    1.721869e-06    4.753681e-08             nan             nan             nan             nan   
 Westphal-BM115    214.4065416667    +52.451505556    1.6065    8.709636e-07    5.929663e-09    1.213389e-06    3.507761e-08    1.570363e-06    4.753681e-08             nan             nan             nan             nan   
 Westphal-BX600    214.3147916667    +52.604344444    2.1607    5.754399e-07    5.929663e-09    8.790225e-07    3.507761e-08    9.638290e-07    4.753681e-08             nan             nan             nan             nan   
