# ID Mstar1 Mstar2 Mstar3 SFR1 SFR2 SFR3 z_Ha R_e R_e_err
ZC400528 7.81 9.12 11.00 206.0 163.0 148.0   2.3876     2.4 1.0               
ZC400569 8.65 11.50 16.10 436.0 213.0 241.0  2.2405     5.8 1.4               
ZC401925 0.49 0.85 0.58 52.7 20.0 47.3       2.1411     1.5 1.0           
ZC403027 1.81 3.63 3.05 242.0 108.0 164.0    2.4848     2.3 1.3               
ZC403103 0.32 0.65 0.30 43.1 18.8 41.8       -99        -99 1e10        
ZC403741 2.92 3.63 4.45 164.0 105.0 113.0    1.4455     3.1 1.1               
ZC404073 3.03 5.50 3.93 326.0 126.0 290.0    2.5571     2.0 1.1               
ZC404221 0.85 1.62 1.57 114.0 42.4 61.2      2.2201     2.3 1.7           
ZC404987 0.54 1.12 0.69 71.6 32.4 63.0       2.1239     1.5 1.3           
ZC405081 0.50 1.32 0.49 66.4 38.3 61.0       2.2344     5.5 1.4           
ZC405226 0.92 1.86 0.93 123.0 54.2 117.0     2.2872     2.6 1.2               
ZC405430 0.32 0.54 0.32 42.6 15.3 39.8       -99        -99 1e10        
ZC405501 0.71 1.35 0.84 94.6 35.3 84.9       2.1543     4.4 1.0           
ZC405545 0.57 0.98 0.68 61.4 23.0 55.6       -99        -99 1e10        
ZC406690 2.68 4.57 4.14 288.0 134.0 200.0    2.1949     4.9 1.4               
ZC407302 2.20 4.57 2.44 294.0 132.0 340.0    2.1814     3.2 1.0               
ZC407376 1.36 2.51 2.53 163.0 74.2 88.7      2.1733     4.5 1.2           
ZC407928 0.65 1.29 0.78 86.2 37.7 79.3       2.4309     2.8 0.9           
ZC409129 8.44 9.55 14.60 223.0 188.0 159.0   2.5002     -99 1e10                
ZC409985 0.79 1.48 1.61 95.0 43.6 50.8       2.4577     2.2 1.4           
ZC410041 0.38 0.78 0.46 51.3 23.0 46.9       2.4539     5.9 1.5           
ZC410116 6.68 8.32 12.70 219.0 110.0 124.0   -99        -99 1e10            
ZC410123 0.42 0.78 0.42 50.2 18.3 59.1       2.1987     3.3 0.8           
ZC410542 3.16 5.01 6.62 304.0 128.0 136.0    1.4049     4.1 1.5               
ZC411737 0.38 0.76 0.34 50.2 22.4 48.1       2.4443     2.0 0.8           
ZC412369 1.41 2.24 2.17 136.0 51.8 94.1      2.0283     2.3 1.0           
ZC413507 0.87 1.48 0.88 116.0 43.0 111.0     2.4794     4.1 1.0               
ZC413597 0.68 1.38 0.75 90.6 40.0 84.4       2.4498     2.5 1.0           
ZC415087 0.74 1.41 1.35 88.1 41.2 47.4       2.2986     0.0 2.2           
ZC415876 0.77 1.55 0.92 102.0 45.3 93.7      2.4362     2.7 0.9           
# 
# Mstar are in units of 1e10 Msolar. 
# Mstar1 and SFR1 are from MA05 (CSFR) SED fitting.
# Mstar2 and SFR2 are from MA05 (inv-tau) SED fitting.
# Mstar1 and SFR1 are from BC03 (CSFR) SED fitting.