# ID              RA_HMS           DEC_DMS         z            MAG_R   MAGERR_R     G_minus_R  e_G_minus_R  U_minus_G  e_U_minus_G  R_minus_K  e_R_minus_K  MAG_IRAC1  MAGERR_IRAC1  MAG_IRAC2  MAGERR_IRAC2  MAG_IRAC3  MAGERR_IRAC3  MAG_IRAC4  MAGERR_IRAC4
Q1700-BX627       17:00:34.435     64:11:29.699    1.478        24.44       0.14        -0.10      0.05        0.12       0.05        2.36       0.51        99.99      99.99         23.63       0.18         99.99      99.99         99.99      99.99
Q1700-BX738       17:01:16.150     64:12:36.684    1.710        23.93       0.12        0.01       0.04        0.49       0.09        3.29       0.15        22.11       0.10         22.15       0.10         22.56       0.29         23.07       0.49
Q1700-BX756       17:00:55.146     64:12:54.403    1.738        23.21       0.11        0.33       0.05        0.58       0.09        2.41       0.23        99.99      99.99         21.82       0.10         99.99      99.99         21.55       0.15
Q1700-BX681       17:01:33.762     64:12:04.278    1.740        22.04       0.05        0.19       0.01        0.40       0.02        2.99       0.08        21.02       0.10         21.08       0.10         21.16       0.18         21.35       0.14
Q1700-BX843       17:01:15.627     64:13:52.891    1.771        24.61       0.16        0.18       0.08        0.51       0.11        3.26       0.31        22.95       0.34         22.80       0.10         99.99      99.99         99.99      99.99
Q1700-BX470       17:01:26.563     64:09:31.993    1.841        24.26       0.14        0.38       0.07        0.75       0.13        4.20       0.11        21.44       0.10         21.45       0.10         21.30       0.10         21.69       0.13
Q1700-BX846       17:01:02.925     64:13:54.470    1.843        23.91       0.12        0.09       0.04        0.48       0.09        3.18       0.18        99.99      99.99         22.13       0.10         99.99      99.99         22.15       0.33
Q1700-BX574       17:00:46.904     64:10:49.536    1.846        24.10       0.14        0.24       0.07        0.73       0.10        3.43       0.19        22.31       0.10         22.27       0.10         22.06       0.22         22.99       0.36
Q1700-BX1043      17:01:17.328     64:15:29.170    1.847        23.54       0.12        -0.01      0.05        0.53       0.09        2.34       0.42        99.99      99.99         22.78       0.24         99.99      99.99         99.99      99.99
Q1700-BX1087      17:00:59.047     64:15:55.195    1.871        23.10       0.11        0.12       0.04        0.59       0.08        2.85       0.15        99.99      99.99         21.93       0.10         99.99      99.99         99.99      99.99
Q1700-BX1032      17:00:52.827     64:15:23.792    1.883        23.76       0.12        0.18       0.04        0.62       0.06        3.04       0.18        99.99      99.99         22.37       0.10         99.99      99.99         22.59       0.30
Q1700-BX782       17:01:11.146     64:13:14.360    1.930        23.94       0.12        0.05       0.04        0.59       0.09        2.97       0.22        22.18       0.15         22.35       0.11         99.99      99.99         99.99      99.99
Q1700-BX530       17:00:36.859     64:10:17.376    1.942        23.05       0.11        0.21       0.05        0.69       0.05        2.80       0.15        21.73       0.10         21.88       0.10         99.99      99.99         22.19       0.33
Q1700-BX807       17:00:54.909     64:13:28.593    1.971        24.83       0.16        0.08       0.08        0.45       0.11        3.04       0.36        99.99      99.99         23.49       0.10         99.99      99.99         99.99      99.99
Q1700-BX903       17:00:54.431     64:14:14.761    1.976        24.39       0.14        0.18       0.06        0.50       0.11        2.99       0.28        99.99      99.99         22.80       0.10         99.99      99.99         99.99      99.99
Q1700-BX536       17:01:08.939     64:10:24.949    1.977        23.00       0.11        0.21       0.05        0.79       0.05        3.27       0.10        21.23       0.10         21.20       0.10         21.23       0.10         21.83       0.12
Q1700-BX412       17:01:20.109     64:08:37.363    1.981        23.58       0.12        0.31       0.06        0.63       0.06        3.31       0.15        22.13       0.10         22.23       0.10         22.32       0.14         99.99      99.99
Q1700-BX526       17:00:58.040     64:10:15.947    2.018        23.99       0.12        0.00       0.04        0.45       0.09        2.25       0.42        22.90       0.24         22.94       0.23         23.05       0.34         99.99      99.99
Q1700-BX1075      17:00:51.215     64:15:47.515    2.061        24.83       0.16        0.30       0.09        0.89       0.18        2.92       0.54        99.99      99.99         24.46       0.48         99.99      99.99         99.99      99.99
Q1700-BX625       17:01:11.493     64:11:29.242    2.078        24.52       0.16        -0.03      0.07        0.49       0.06        2.96       0.54        23.28       0.10         23.28       0.10         99.99      99.99         99.99      99.99
Q1700-BX592       17:01:02.703     64:11:03.422    2.099        24.87       0.16        0.38       0.09        1.11       0.19        3.01       0.36        23.35       0.11         23.43       0.12         99.99      99.99         99.99      99.99
Q1700-BX535       17:01:07.597     64:10:26.403    2.113        25.16       0.16        0.57       0.12        1.55       0.37        3.45       0.37        23.04       0.14         22.89       0.17         22.82       0.22         22.78       0.33
Q1700-BX1012      17:00:47.578     64:15:11.701    2.115        23.72       0.12        0.08       0.04        0.53       0.09        2.77       0.26        99.99      99.99         23.45       0.45         99.99      99.99         99.99      99.99
Q1700-BX691       17:01:05.996     64:12:10.271    2.190        25.33       0.16        0.22       0.10        0.66       0.19        4.64       0.17        21.89       0.10         21.65       0.10         21.44       0.12         22.02       0.27
Q1700-BX1118      17:01:08.914     64:16:12.554    2.214        24.55       0.16        0.07       0.08        0.57       0.11        3.14       0.36        99.99      99.99         23.67       0.29         99.99      99.99         99.99      99.99
Q1700-BX1047      17:00:23.369     64:15:31.444    2.231        24.55       0.16        0.43       0.11        1.04       0.16        4.01       0.16        99.99      99.99         22.02       0.10         99.99      99.99         22.61       0.31
Q1700-BX1084      17:01:32.349     64:15:50.699    2.245        23.76       0.12        0.45       0.07        1.05       0.11        3.89       0.10        99.99      99.99         22.14       0.46         99.99      99.99         99.99      99.99
Q1700-BX931       17:00:25.497     64:14:29.805    2.246        25.15       0.16        0.47       0.12        1.12       0.28        3.60       0.28        99.99      99.99         22.83       0.11         99.99      99.99         99.99      99.99
Q1700-BX794       17:00:47.301     64:13:18.702    2.253        23.60       0.12        0.35       0.06        0.58       0.09        3.10       0.18        99.99      99.99         23.67       0.25         99.99      99.99         99.99      99.99
Q1700-BX1030      17:00:46.895     64:15:23.275    2.285        25.11       0.16        0.47       0.12        1.17       0.28        4.02       0.22        99.99      99.99         22.32       0.18         99.99      99.99         99.99      99.99
Q1700-BX709       17:00:54.761     64:12:19.973    2.285        25.18       0.16        0.05       0.10        0.77       0.15        3.06       0.59        23.37       0.38         23.06       0.28         99.99      99.99         99.99      99.99
Q1700-BX898       17:01:05.284     64:14:06.570    2.286        24.48       0.14        0.18       0.06        0.57       0.11        2.37       0.51        99.99      99.99         22.17       0.21         99.99      99.99         99.99      99.99
Q1700-MD69        17:00:47.610     64:09:44.78     2.289        24.85       0.16        0.37       0.09        1.50       0.33        4.87       0.12        21.13       0.03         20.89       0.04         20.59       0.07         20.63       0.11
Q1700-BX810       17:01:31.117     64:13:29.357    2.290        24.68       0.16        0.36       0.09        0.87       0.18        3.99       0.19        22.92       0.23         22.78       0.23         99.99      99.99         99.99      99.99
Q1700-MD157       17:00:52.191     64:15:29.245    2.293        24.35       0.14        0.35       0.07        1.65       0.14        4.46       0.10        99.99      99.99         21.78       0.10         99.99      99.99         21.57       0.12
Q1700-MD109       17:01:04.482     64:12:09.293    2.294        25.46       0.16        0.26       0.10        1.44       0.37        3.60       0.28        23.12       0.11         22.86       0.10         99.99      99.99         99.99      99.99
Q1700-BX563       17:01:15.755     64:10:27.088    2.296        23.82       0.12        0.42       0.07        0.86       0.09        3.15       0.18        99.99      99.99         21.80       0.28         99.99      99.99         99.99      99.99
Q1700-BX939       17:00:52.915     64:14:36.023    2.296        24.46       0.14        0.38       0.07        0.69       0.13        3.46       0.19        99.99      99.99         23.05       0.13         99.99      99.99         99.99      99.99
Q1700-BX984       17:01:02.164     64:14:56.440    2.299        23.51       0.12        0.17       0.04        0.72       0.06        3.44       0.14        99.99      99.99         22.23       0.10         99.99      99.99         99.99      99.99
Q1700-BX919       17:00:33.909     64:14:21.626    2.301        24.43       0.14        0.03       0.06        0.65       0.10        2.70       0.41        99.99      99.99         23.51       0.23         99.99      99.99         99.99      99.99
Q1700-BX917       17:01:16.110     64:14:19.801    2.302        24.43       0.14        0.28       0.07        0.95       0.13        4.04       0.12        99.99      99.99         22.05       0.13         99.99      99.99         22.19       0.37
Q1700-BX1133      17:01:03.294     64:16:19.717    2.303        24.38       0.14        0.14       0.06        0.82       0.13        3.33       0.23        99.99      99.99         22.85       0.10         99.99      99.99         99.99      99.99
Q1700-BX879       17:01:17.768     64:13:55.116    2.308        23.50       0.12        0.61       0.04        1.40       0.19        2.84       0.22        22.22       0.34         22.22       0.15         99.99      99.99         99.99      99.99
Q1700-BX505       17:00:48.224     64:10:05.862    2.309        25.17       0.16        0.45       0.12        1.28       0.26        4.36       0.19        22.23       0.10         22.11       0.10         22.49       0.17         22.10       0.15
Q1700-BX585       17:01:13.491     64:10:58.829    2.311        24.71       0.16        0.12       0.08        0.76       0.13        3.15       0.36        99.99      99.99         99.99      99.99         23.56       0.41         99.99      99.99
Q1700-MD103       17:01:00.209     64:11:55.576    2.315        24.23       0.14        0.46       0.09        1.49       0.27        3.97       0.12        21.32       0.10         21.23       0.10         21.34       0.14         99.99      99.99
Q1700-BX532       17:00:40.154     64:10:22.537    2.331        23.76       0.12        0.22       0.06        0.57       0.09        3.63       0.12        21.02       0.10         21.10       0.10         21.21       0.16         21.56       0.21
Q1700-MD94        17:00:42.020     64:11:24.224    2.333        24.72       0.16        0.94       0.15        2.06       0.25        5.15       0.15        20.59       0.08         20.43       0.03         20.35       0.22         20.28       0.14
Q1700-BX772       17:00:53.076     64:13:04.566    2.346        24.96       0.16        0.20       0.09        0.57       0.14        3.29       0.31        99.99      99.99         23.72       0.25         99.99      99.99         99.99      99.99
Q1700-MD174       17:00:54.542     64:16:24.760    2.347        24.56       0.16        0.32       0.09        1.50       0.27        4.74       0.11        99.99      99.99         20.51       0.10         99.99      99.99         18.51       0.10
Q1700-BX490       17:01:14.831     64:09:51.691    2.403        22.88       0.06        0.36       0.03        0.92       0.05        2.88       0.10        22.05       0.10         22.08       0.10         21.95       0.11         22.13       0.30
Q1700-BX581       17:01:02.726     64:10:51.299    2.406        23.87       0.12        0.28       0.06        0.62       0.10        3.21       0.15        23.11       0.15         23.17       0.14         22.60       0.21         21.94       0.19
Q1700-BX759       17:00:59.545     64:12:55.455    2.418        24.43       0.14        0.36       0.07        1.29       0.18        3.24       0.23        21.81       0.31         22.39       0.29         99.99      99.99         99.99      99.99
Q1700-BX561       17:01:04.180     64:10:43.834    2.426        24.65       0.16        0.19       0.08        1.04       0.16        4.63       0.11        21.54       0.10         21.35       0.10         21.19       0.10         20.85       0.10
Q1700-BX575       17:01:03.341     64:10:50.932    2.431        23.82       0.12        0.16       0.04        0.74       0.06        2.60       0.26        23.10       0.12         23.00       0.10         23.03       0.41         99.99      99.99
Q1700-BX717       17:00:56.995     64:12:23.763    2.438        24.78       0.16        0.34       0.09        0.47       0.13        2.73       0.54        99.99      99.99         23.89       0.24         99.99      99.99         99.99      99.99
Q1700-BX826       17:01:17.163     64:13:41.960    2.438        24.45       0.14        0.02       0.06        0.52       0.09        2.94       0.28        22.65       0.25         22.55       0.10         99.99      99.99         99.99      99.99
Q1700-BX523       17:00:41.712     64:10:14.884    2.471        24.51       0.16        0.46       0.11        1.28       0.18        3.52       0.25        22.74       0.20         22.68       0.15         99.99      99.99         22.07       0.35
Q1700-BX553       17:01:02.200     64:10:39.390    2.474        24.49       0.14        0.14       0.06        0.44       0.11        2.77       0.41        23.13       0.13         23.18       0.19         99.99      99.99         99.99      99.99
Q1700-MD72        17:00:42.777     64:10:05.346    2.533        24.63       0.16        0.45       0.11        1.51       0.00        3.42       0.25        22.44       0.15         22.30       0.20         99.99      99.99         99.99      99.99
Q1700-BX568       17:01:28.789     64:10:46.682    2.537        23.93       0.12        0.38       0.06        0.94       0.09        3.20       0.15        22.75       0.10         22.81       0.10         22.82       0.23         22.87       0.25
Q1700-BX588       17:01:01.469     64:11:00.301    2.539        24.67       0.16        0.53       0.11        1.17       0.19        3.22       0.31        24.22       0.29         99.99      99.99         99.99      99.99         22.97       0.29
Q1700-BX609       17:01:9.988      64:11:15.663    2.573        24.12       0.14        0.56       0.09        1.33       0.18        3.06       0.27        23.10       0.12         22.94       0.13         23.58       0.46         23.16       0.38
Q1700-MD154       17:01:38.387     64:14:57.372    2.629        23.23       0.11        0.73       0.04        1.91       0.22        3.55       0.09        21.50       0.27         99.99      99.99         99.99      99.99         99.99      99.99
Q1700-BX591       17:00:50.179     64:11:01.162    2.686        24.68       0.16        0.22       0.09        1.06       0.16        2.93       0.54        23.48       0.14         23.91       0.23         99.99      99.99         99.99      99.99
Q1700-MD128       17:00:30.292     64:13:15.165    2.713        23.41       0.11        0.29       0.04        1.24       0.08        2.21       0.28        99.99      99.99         23.67       0.16         99.99      99.99         99.99      99.99
Q1700-MD98        17:01:04.387     64:11:49.543    2.738        24.54       0.16        0.70       0.10        1.82       0.46        2.94       0.54        22.62       0.10         22.94       0.22         99.99      99.99         99.99      99.99
Q1700-BX928       17:01:19.623     64:14:25.911    2.755        23.77       0.12        0.66       0.07        1.54       0.19        2.95       0.22        99.99      99.99         22.99       0.21         99.99      99.99         99.99      99.99
Q1700-MD152       17:00:31.085     64:14:54.048    2.791        23.43       0.11        0.86       0.05        1.92       0.29        2.92       0.15        99.99      99.99         21.62       0.10         99.99      99.99         21.65       0.11
Q1700-BX529       17:00:44.618     64:10:19.001    2.875        24.27       0.14        0.25       0.06        0.28       0.06        2.74       0.41        23.35       0.25         99.99      99.99         99.99      99.99         99.99      99.99
Q1700-MD155       17:00:47.888     64:15:05.446    2.875        24.03       0.14        0.56       0.09        1.83       0.43        2.32       0.51        99.99      99.99         23.31       0.14         99.99      99.99         99.99      99.99
Q1700-MD126       17:00:51.610     64:13:05.346    2.898        23.94       0.12        0.67       0.04        2.01       0.46        2.32       0.42        99.99      99.99         22.82       0.15         99.99      99.99         99.99      99.99
