# ID             RA_final             Dec_final            Flux_deb_scuba2      Flux_errlo_deb_scuba2   Flux_errhi_deb_scuba2   RMS                   BMAJ                 BMIN                 SNR(peak)            Flux_final           Flux_final_errlo      Flux_final_errhi      OTHERNAMES                    
  AS2COS0001.1   150.03349503711394   2.4367479914136108   16.8201813773612     0.9975897253696778      0.8853443295751956      0.11830832927852214   0.7962327599526      0.7732722759246      104.51765177484842   13.49403132478143    0.2536116144551528    0.2635168737785758    AzTECC3a_COSLA4_AzTEC2        
  AS2COS0001.2   150.0326791058665    2.437011854085771    16.8201813773612     0.9975897253696778      0.8853443295751956      0.11830832927852214   0.7962327599526      0.7732722759246      27.789086428201283   3.6211986323329177   0.15888865171512068   0.17417317108476205   AzTECC3c                      
  AS2COS0002.1   150.06504687580957   2.2636174798120647   13.348992193121942   1.3745605962322998      0.7026413399483022      0.11540808526480625   0.80457770824416     0.76185023784624     85.72957902785043    13.244222314904285   0.2495364290182085    0.2593077431354551    AzTECC7_COSLA1_MM1            
  AS2COS0003.1   150.23728108964067   2.3381498525307727   12.762075551663813   1.2869448303045772      0.9016030907380781      0.1797210811334974    0.80753982067116     0.79256838560112     30.464324182213797   7.488006224580478    0.2889932134557665    0.3131659596616918    AzTECC6a_131077_HCOSMOS02.0   
  AS2COS0003.2   150.23986435766275   2.336454745828464    12.762075551663813   1.2869448303045772      0.9016030907380781      0.1797210811334974    0.80753982067116     0.79256838560112     14.990398708815254   5.094340850091228    0.38573321492310125   0.40470246058222814   AzTECC6b_130891_HCOSMOS02.1_  
  AS2COS0003.3   150.23863229481927   2.3368370051443166   12.762075551663813   1.2869448303045772      0.9016030907380781      0.1797210811334974    0.80753982067116     0.79256838560112     10.119422830393892   2.1769187908279286   0.2761275177499942    0.28223156691342877   130933_HCOSMOS02.4            
  AS2COS0003.4   150.2369217158122    2.3357725452939953   12.762075551663813   1.2869448303045772      0.9016030907380781      0.1797210811334974    0.80753982067116     0.79256838560112     6.565988916022459    2.468182244101692    0.48567243698668566   0.5232402916723005    130949_HCOSMOS02.2            
  AS2COS0004.1   150.0822763947551    2.534489234982148    13.158304805640322   1.0668865068934092      0.862565500276963       0.21542570597689797   0.80864834785452     0.7945485115049999   26.32939737939335    10.753519529112777   0.5090727375217874    0.5623126131852416    AzTECC42_AzTEC5               
  AS2COS0005.1   150.09986959126746   2.29725490436207     10.325255995927064   1.0150635699393344      0.8306217435842029      0.18671614082476526   0.80684375762952     0.79280048608776     29.93969091687141    8.386183401665683    0.3306425755845327    0.35894702937643447   ""                            
  AS2COS0005.2   150.10013254085052   2.2970430102500448   10.325255995927064   1.0150635699393344      0.8306217435842029      0.18671614082476526   0.80684375762952     0.79280048608776     7.484416754058228    2.0752765369445862   0.3477677600399351    0.37034158073005397   ""                            
  AS2COS0006.1   149.98870988541915   2.458497203998716    11.957089680938996   1.5163985056367828      0.7919181430021407      0.18261953379832307   0.80662280321124     0.79290306568152     65.53755800496727    16.610803142469248   0.381840050443336     0.40024109696010285   AzTECC14_COSLA3_AzTEC9        
  AS2COS0007.1   150.13894851012182   2.4337762623554897   9.215788039636296    1.0802501568659721      0.8183528158721867      0.2172599008252188    0.80242574214924     0.8003677725792      29.343785502739244   7.33661427153571     0.29870836388997457   0.32518827817606066   AzTECC80a_COSLA47             
  AS2COS0007.2   150.13912420988586   2.4319517892986235   9.215788039636296    1.0802501568659721      0.8183528158721867      0.2172599008252188    0.80242574214924     0.8003677725792      8.274048083143263    3.5818020326084423   0.5485548630834893    0.568828325780752     AzTECC80b                     
  AS2COS0008.1   150.7049651246549    2.548741796689572    19.602063970841577   1.5303669394030806      1.668713747795202       0.19124816231462327   0.80561506748184     0.7931866645814399   67.67029404968879    18.267025021703095   0.4029231932897772    0.42151839846845635   COSMOS02                      
  AS2COS0008.2   150.70600073286192   2.548990658124377    19.602063970841577   1.5303669394030806      1.668713747795202       0.19124816231462327   0.80561506748184     0.7931866645814399   19.93318903899661    5.308354643068457    0.3159167097944611    0.3585994488468454    ""                            
  AS2COS0009.1   150.1196712781906    2.534334718215301    9.900269881036476    1.2505736910752265      0.9591699931904216      0.18142224152162917   0.8033117055894      0.79448974132536     53.67660842538892    13.085392857096213   0.31378744919739165   0.32959480223469206   AzTEC19a                      
  AS2COS0010.1   150.09856585275278   2.3653740849348903   7.732529835639359    1.0696150393741641      0.7043401368578168      0.18438114276019546   0.80671983957288     0.79286509752264     33.49371056744363    8.21892897972848     0.3042766794614919    0.3286077512185826    AzTECC38_COSLA35              
  AS2COS0010.2   150.09596767903483   2.3652575122485477   7.732529835639359    1.0696150393741641      0.7043401368578168      0.18438114276019546   0.80671983957288     0.79286509752264     6.497293365666656    2.3309221468629344   0.46354700201212645   0.5023164687068336    ""                            
  AS2COS0011.1   150.42398403137463   2.4535827577393863   17.314695526459317   2.0950147475234004      1.4057117482540704      0.18739480691717936   0.80514907836912     0.79354590177528     71.35793284439661    19.240112767358397   0.39665741776131713   0.4137158912857143    AzTECC1a_COSLA89              
  AS2COS0012.1   149.65819303769288   2.2356590711189424   13.568655756746105   1.5012194045290617      1.1976617799147462      0.18431593219354894   0.8051449656484799   0.7901449203492      43.060488781715      11.139874670514391   0.3486137023406308    0.3718896993873351    AzTECC13a_COSLA54             
  AS2COS0012.2   149.6572393384221    2.2340631779890816   13.568655756746105   1.5012194045290617      1.1976617799147462      0.18431593219354894   0.8051449656484799   0.7901449203492      11.065729654240641   4.659105453762589    0.5200171186567187    0.5645139915218905    AzTECC13b                     
  AS2COS0013.1   150.1470688025749    2.7314438518260893   12.802475443423825   1.4169027306165152      1.1676649151502563      0.18681973469629967   0.8049995303155201   0.79344701766972     60.71744907475233    15.512936287257606   0.35983105279447586   0.3773360871722764    AzTECC18_AzTEC12              
  AS2COS0014.1   150.4209981462995    2.068020563119491    13.373497787976664   1.495079001785255       1.15838110461738        0.18823825438480216   0.80691987276072     0.79289072751996     64.54323428322914    14.833523695798007   0.34390925333206634   0.36063144186152346   AzTECC11                      
  AS2COS0015.1   150.34567455638495   2.3349663824171216   12.527358965325488   1.4671967671073762      1.2777987188690911      0.1733512618919726    0.80474668741224     0.78044289350508     48.9418795619034     9.266395275890318    0.25215283477858463   0.2666655948491776    AzTECC9a                      
  AS2COS0015.2   150.34656030016424   2.334887925749804    12.527358965325488   1.4671967671073762      1.2777987188690911      0.1733512618919726    0.80474668741224     0.78044289350508     22.18833678318276    4.6853872489954655   0.2597135165080404    0.2920955399360361    AzTECC9c                      
  AS2COS0015.3   150.3432090542773    2.3340824664877244   12.527358965325488   1.4671967671073762      1.2777987188690911      0.1733512618919726    0.80474668741224     0.78044289350508     10.267233976493424   6.3194966677830084   0.7852429856812018    0.8120718748549818    AzTECC9b                      
  AS2COS0016.1   150.10540493758418   2.3128202399151405   6.909429930301883    1.0603585664386337      0.7524733039357461      0.18476390846583718   0.80820220708836     0.7920761108400001   34.96147934294362    7.786604650912529    0.28774648130453423   0.3107104960312606    ""                            
  AS2COS0017.1   150.20802748794358   2.3831411370730153   7.819339103108612    1.0986907678698712      0.8259511806907414      0.18522754594755295   0.8078680634497201   0.7922256588936      35.357235363599614   7.536355755442931    0.2769193380085751    0.29888400172248514   ""                            
  AS2COS0018.1   150.14322706654693   2.356023721046525    6.93125658441622     1.0681715817065065      0.7710872356988459      0.22145833779570936   0.8114428520204401   0.7937082648277201   20.551975729687722   4.788843068358937    0.2782324539935219    0.3148139197897901    ""                            
  AS2COS0019.1   150.1583987616768    2.139550252980875    9.757416016074766    1.1818632814342322      0.94981839033988        0.18930687022387982   0.80518311262116     0.7901662588120799   46.21973125268704    9.983271227634239    0.2940349340246954    0.3124393383834611    ""                            
  AS2COS0020.1   150.04227545255844   2.2263466218938963   8.508659495119327    1.2283143552305429      0.8671999527995453      0.19231663447288047   0.80786842107768     0.78855723142632     43.35142059641039    9.480963486428807    0.2952059706995676    0.3148102808923118    COSLA-23N                     
  AS2COS0021.1   150.100638037218     2.334827002834122    6.595944559156556    1.1274673397849515      0.7373967884186738      0.18629119453540977   0.8076903820038001   0.78853899240504     32.685414514375616   6.594283214156663    0.24485925164678413   0.26450227484558153   AzTECC114                     
  AS2COS0023.1   149.92856947127063   2.493942598825736    14.202424305967357   1.7314824183526856      1.3285695018947834      0.19300656924678306   0.80694490671144     0.7888372540473599   68.86064557988824    15.836915295796539   0.34074415001891584   0.3560662621315734    AzTECC5_AzTEC1                
  AS2COS0024.1   150.1326541647874    2.2118414207256922   8.617838512948934    1.3047473409330905      0.920114229037317       0.17840488767980536   0.8044248819351599   0.79214704036704     41.7854344647752     8.369819812022628    0.27353428734163643   0.29266336458861986   ""                            
  AS2COS0025.1   150.1635190068161    2.3725196164968874   6.573542254428505    1.039244317858281       0.7526862440021516      0.1843355548884542    0.80807214975372     0.78828448057164     28.87349258950331    6.929520929822962    0.2894015214693225    0.31577751300934254   ""                            
  AS2COS0027.1   150.7504218546846    2.412943832476003    14.61946813967923    1.7838068001753378      1.4090071878433168      0.18030931041236276   0.8077661395074001   0.7922753095626001   41.60309067843077    10.132787270193267   0.33524020177288555   0.3589946613288032    ""                            
  AS2COS0027.2   150.75111721794661   2.412464101546518    14.61946813967923    1.7838068001753378      1.4090071878433168      0.18030931041236276   0.8077661395074001   0.7922753095626001   13.518115994918366   3.3268808630118087   0.28338700457103744   0.3013728206944351    ""                            
  AS2COS0027.3   150.75214218853753   2.4140253279793287   14.61946813967923    1.7838068001753378      1.4090071878433168      0.18030931041236276   0.8077661395074001   0.7922753095626001   7.36757643326807     1.927804773727316    0.32852660659024285   0.3529554092776496    ""                            
  AS2COS0028.1   149.9972117527555    2.5780504619553377   12.524053034584774   1.5411007420834988      1.226829373990732       0.188634586475543     0.80466848611848     0.7914508581160801   59.85252099054294    13.514938112683241   0.3114643850747534    0.326514027158078     AzTECC2a_AzTEC8               
  AS2COS0028.2   149.9979479284834    2.57820567077295     12.524053034584774   1.5411007420834988      1.226829373990732       0.188634586475543     0.80466848611848     0.7914508581160801   10.390313555012895   1.9672405463664275   0.23928424239488755   0.24976571324403407   ""                            
  AS2COS0030.1   150.01994058633468   2.512589559697035    7.554112124342919    1.1782326828132001      0.8905172324617157      0.18809683140583006   0.8103790283201999   0.7875200510024399   21.595827796130866   10.465428472978      0.5879222354521282    0.6623394655157908    ""                            
  AS2COS0031.1   149.84585602056094   2.860418682177139    14.811892027177764   1.7620846488770567      1.5799151345568685      0.19858302714622245   0.81132972240456     0.7857306599616      52.55752783089742    18.09122293765571    0.4403096230471593    0.46283905520681673   ""                            
  AS2COS0032.1   150.05243268394386   2.2455874050597084   6.886286732669739    1.1863844736815308      0.8297650699923764      0.10984757264550797   0.8093518018722      0.7840841412546      34.51001464777198    6.418773108372996    0.23760130997629414   0.256598100747917     COSLA-38                      
  AS2COS0034.1   150.10445879217673   2.43536908709453     6.200346887576265    1.0545735090814476      0.7678925465280919      0.21771780229624493   0.81185901165        0.79330110549912     18.453709832694337   5.29038506735011     0.33370024891034245   0.3818751257450108    AzTECC30a                     
  AS2COS0034.2   150.10571580818203   2.434813439985114    6.200346887576265    1.0545735090814476      0.7678925465280919      0.21771780229624493   0.81185901165        0.79330110549912     13.184975089515024   3.7544012677754983   0.33172883584579926   0.35252245995090625   AzTECC30b                     
  AS2COS0035.1   150.04822934346555   2.2514455191766456   6.711712331047016    1.079813015876912       0.8165421741795527      0.18587470488862856   0.80855423212068     0.78790497779844     29.35161564714268    6.657672517039341    0.2710486705770411    0.29507499016551675   ""                            
  AS2COS0036.1   150.10616002040052   2.0143683641766774   9.554158559869078    1.463999449483321       1.0401264362580651      0.1937143820199142    0.8077140450478799   0.78882580995552     30.018476811495194   7.533247331228355    0.2955750133188374    0.3207445218017161    ""                            
  AS2COS0036.2   150.10629525351462   2.01381596811949     9.554158559869078    1.463999449483321       1.0401264362580651      0.1937143820199142    0.8077140450478799   0.78882580995552     8.767224919150342    2.4917322415572567   0.36206419252929467   0.3765587517759285    ""                            
  AS2COS0037.1   150.0752230043448    2.808445941221105    10.97807373999517    1.5363055987055123      1.2794806592407006      0.19796563066080858   0.8118190169334      0.78508168458948     55.61882955570746    12.819829152117071   0.30347281809079607   0.31855455553630596   AzTEC7                        
  AS2COS0038.1   150.43836979050778   1.8561258351311598   11.803233441971239   1.5180924151048352      1.2690218976224639      0.15745692017869375   0.9534683227539601   0.80110991001132     45.90209785938136    8.44985844330389     0.2510417486605441    0.26690076832299603   ""                            
  AS2COS0042.1   149.98898828515897   2.0531318082871515   9.916602694521398    1.564464839871258       1.1930545601035796      0.19247250763722212   0.80953192710864     0.7877331376073999   30.68530427856577    7.650592076581049    0.2930320192203641    0.3173415736094952    ""                            
  AS2COS0043.1   150.14034151670668   2.147148254753901    7.484164748862871    1.229591518711481       0.9761382557330416      0.18519495092714544   0.81146937608712     0.7866522669790801   38.56274182394448    8.533417803157135    0.2956165872116505    0.3176229168853545    ""                            
  AS2COS0043.2   150.13929600846976   2.1495101831660492   7.484164748862871    1.229591518711481       0.9761382557330416      0.18519495092714544   0.81146937608712     0.7866522669790801   5.154830818768855    1.6229354711894362   0.5160272994758208    0.5036179723173017    ""                            
  AS2COS0044.1   149.79305879562      2.815479260497013    13.453155753566778   1.9018527729297876      1.5890002662922758      0.19253053416284682   0.80684274435048     0.78336751461012     57.939718113510466   13.523389919241017   0.31425022354609683   0.3295668655711525    COSMOS08                      
  AS2COS0045.1   150.24689480412843   2.2886744948641065   7.714192344005876    1.2302772245014717      0.9806700007922098      0.19550638973822454   0.81149911880508     0.7865014672278      17.485796031685428   4.807052172318881    0.31549582926893943   0.3631664116073046    ""                            
  AS2COS0045.2   150.24718704001      2.2877530553767724   7.714192344005876    1.2302772245014717      0.9806700007922098      0.19550638973822454   0.81149911880508     0.7865014672278      11.688696946612541   2.8695936496090075   0.29936073476451663   0.3232146904246483    ""                            
  AS2COS0045.3   150.24697926586595   2.2862635436041208   7.714192344005876    1.2302772245014717      0.9806700007922098      0.19550638973822454   0.81149911880508     0.7865014672278      5.056872011785195    1.3851705421424811   0.4585324859397701    0.4473336011482697    ""                            
  AS2COS0048.1   150.28852617587324   2.3819341923043837   9.453905411974539    1.4852483706017479      1.2156535725696838      0.14444427902293278   0.79997485876092     0.78945291042336     21.716111734323956   4.057768115016261    0.2273966306405435    0.2561002601277531    ""                            
  AS2COS0048.2   150.28733036680185   2.3818486735987947   9.453905411974539    1.4852483706017479      1.2156535725696838      0.14444427902293278   0.79997485876092     0.78945291042336     12.826834201182395   3.1199766577490613   0.28752485400919525   0.30513451189839547   ""                            
  AS2COS0048.3   150.28807467965564   2.38142823155862     9.453905411974539    1.4852483706017479      1.2156535725696838      0.14444427902293278   0.79997485876092     0.78945291042336     6.629860061837961    3.7228562753738026   0.7252533207440748    0.7799681752617365    ""                            
  AS2COS0049.1   150.03668640121631   2.2179072848639207   7.041160744330243    1.206347676329524       1.0113412427945576      0.18984770535783274   0.81206804513916     0.78652000427256     28.599890841692808   6.456741393681556    0.2738398753959195    0.2992206488211156    ""                            
  AS2COS0050.1   149.9878580638212    2.1934596085527835   7.79864581559895     1.3704194382052766      1.1039963404959154      0.18719082120382308   0.8129841685293601   0.78594547510152     37.625507550529335   9.451347626196663    0.3349212258295307    0.36046860643949813   ""                            
  AS2COS0051.1   150.03726708675953   2.6696956963573166   9.27933858027268     1.439701786888448       1.1970936060761126      0.14530932747899805   0.7989204525948      0.78913801908504     53.35652667557496    9.232486632593574    0.22197392153490014   0.2331868029982722    AzTECC22a_AzTEC11S            
  AS2COS0051.2   150.03707878369698   2.669293982732702    9.27933858027268     1.439701786888448       1.1970936060761126      0.14530932747899805   0.7989204525948      0.78913801908504     22.507136341389064   3.3121125879441147   0.18182173949920433   0.20424635629726717   AzTECC22b_AzTEC11N            
  AS2COS0052.1   150.30096377653285   2.1480840812100874   8.46561360738686     1.3988071011575158      1.107252260086117       0.18900411420938948   0.8134265542032      0.7858008146286      29.449968946998045   6.940637384822434    0.28120556098125055   0.3060013472289853    ""                            
  AS2COS0053.1   150.17991143486103   2.0886440295867144   7.7888655956361434   1.3501526393724177      1.0671408054221283      0.193844043697442     0.81423878669748     0.78538763523096     35.49091105045439    7.704962777170475    0.2829650247459279    0.3053964123816849    AzTECC98_COSLA18              
  AS2COS0053.2   150.17930438172112   2.088011965669853    7.7888655956361434   1.3501526393724177      1.0671408054221283      0.193844043697442     0.81423878669748     0.78538763523096     5.848030745008949    1.0586738072488      0.2606292218669768    0.2776726036455105    ""                            
  AS2COS0054.1   149.6914049091282    2.72481195753922     12.421326273795959   1.7963402588937942      1.5803097535157296      0.20417643938247332   0.80855864286408     0.7825442552567999   44.08142354418431    12.401499190868426   0.38374414659293443   0.40905950366788135   COSMOS11                      
  AS2COS0055.1   150.32176947569457   1.7134929299651123   11.205408049440363   1.7375881235935928      1.4254308099936672      0.198784057139844     0.81424653530112     0.7860026955603601   50.37957007501612    12.051054220488108   0.31174252059108626   0.3287511070401596    ""                            
  AS2COS0055.2   150.32146802052569   1.714211849162699    11.205408049440363   1.7375881235935928      1.4254308099936672      0.198784057139844     0.81424653530112     0.7860026955603601   6.07326822158036     1.6966383342796811   0.37668577250984875   0.40764857807993715   ""                            
  AS2COS0055.3   150.32450161375408   1.714215282507379    11.205408049440363   1.7375881235935928      1.4254308099936672      0.198784057139844     0.81424653530112     0.7860026955603601   5.510711566283364    6.216885288829662    1.7443594225009895    1.7521904234495225    ""                            
  AS2COS0057.1   150.163369766498     2.681314718318197    8.678511896578197    1.4201281200946179      1.1556546599737683      0.19485689085235897   0.81400215625776     0.78514337539656     28.238955657885562   7.145697550600561    0.3076648191490699    0.3366548063023843    ""                            
  AS2COS0057.2   150.1631541579091    2.682194053722635    8.678511896578197    1.4201281200946179      1.1556546599737683      0.19485689085235897   0.81400215625776     0.78514337539656     7.761423021630312    1.2613428021693762   0.2042618425887252    0.21315682767558322   ""                            
  AS2COS0059.1   150.08623541627423   2.5890015562243414   8.681625330662037    1.4322021690552846      1.1664368688248885      0.18848495435349094   0.81464463472356     0.7846624851228      39.99193031834908    8.28763126343224     0.2837757581475605    0.30463789521086926   AzTEC3                        
  AS2COS0061.1   149.54489868042455   2.103188841887126    10.622147421482957   1.623267225824133       1.385049966849385       0.19068875130317112   0.813782274723       0.7856323122978001   41.05282697637547    11.863296041856122   0.39867529539557645   0.42740162372633045   ""                            
  AS2COS0062.1   150.05218727608607   2.0233959064475804   7.996931282000134    1.3603250348343838      1.0847206637796623      0.1939364304649824    0.8128988146782      0.78621900081624     26.295409803850845   8.697281480541255    0.4128656771148078    0.4561755880228738    AzTECC32                      
  AS2COS0062.2   150.05297514213692   2.0244763112764126   7.996931282000134    1.3603250348343838      1.0847206637796623      0.1939364304649824    0.8128988146782      0.78621900081624     6.086898468227895    1.0970773333178232   0.24248795155459033   0.2621237163151948    ""                            
  AS2COS0063.1   150.26628544567882   2.4135173697617427   6.695029405086342    1.2413931033833743      0.9710940264670063      0.18078606390040117   0.81481349468232     0.7848056554794      26.71114129255369    6.324344771925357    0.2931993969855656    0.32316338992763527   ""                            
  AS2COS0064.1   150.05612197178345   1.6179595271635516   10.36812424408196    1.6890058384660378      1.4464951585477603      0.19473260694268174   0.80710703134524     0.78313523530968     42.14976148106752    9.330485674783077    0.30057048375592293   0.32126908570940377   COSMOS14                      
  AS2COS0065.1   149.66785939716831   2.0874053727566397   9.79934208004262     1.5205390773876193      1.3386383168007718      0.19051448699381363   0.8078359365464399   0.78202533721932     56.31279903858439    12.621792283637022   0.2974422300223845    0.3121545536717199    AzTECC36                      
  AS2COS0065.2   149.66865454372996   2.088644933889361    9.79934208004262     1.5205390773876193      1.3386383168007718      0.19051448699381363   0.8078359365464399   0.78202533721932     4.801838794650576    0.6918901815312972   0.26615040088439346   0.24793874856227507   ""                            
  AS2COS0066.1   149.9440955662296    1.9541833193998273   9.687927786250679    1.624257388413671       1.3211374224003496      0.18298561757886025   0.80405652523032     0.79843068122868     58.65647155398201    13.314008830688687   0.30788792511928875   0.32281834489977435   ""                            
  AS2COS0067.1   150.5402142958639    2.60905150086676     11.029295623080436   1.7960412923465547      1.5440771452548638      0.19562039020632482   0.8141068816185599   0.78555119037624     41.97107051308806    12.022944477975994   0.390908194017111     0.41809571735588624   COSMOS01                      
  AS2COS0068.1   150.14291118149606   2.050613912917271    7.393294007158613    1.3395114728123731      1.0742079599000052      0.1913266941459073    0.81382077932364     0.7856502532959599   42.96964200945305    9.968177685234334    0.31227817518538      0.3331518076244949    ""                            
  AS2COS0069.1   149.77102247252859   2.3657604100330185   8.89949352831891     1.5000722100025934      1.2103033429058723      0.1842559967655956    0.80809879302972     0.78183186054228     48.76815909807377    11.144251910129416   0.3053631229594721    0.3230678573164388    AzTECC56                      
  AS2COS0071.1   149.88933125102554   2.3963805006130228   9.12173643531262     1.6349757203271231      1.2561006551622853      0.19399880846688317   0.808069884777       0.78183704614644     29.760891207596213   6.499333365261296    0.25803267177278516   0.2802883552756969    ""                            
  AS2COS0072.1   150.02704455773576   2.643785068433998    8.448655953491746    1.4812888790583543      1.2104106442657923      0.18638518231780649   0.80721396207792     0.78240716457372     47.15787965472407    11.316668195217758   0.3246997627082303    0.34446676008427635   AzTECC106_AzTEC6              
  AS2COS0073.1   150.0889957824651    2.0114345022553906   7.429488255877851    1.2906161691209554      1.1148410036104117      0.1984349948495103    0.80819559097308     0.78227317333224     36.53030092271338    8.07036490118955     0.2927286650315217    0.3156254264188483    ""                            
  AS2COS0075.1   150.03141885252077   2.1963781550703723   6.542335708519405    1.1706036891710667      0.990350168250119       0.18872475764279878   0.80916517972944     0.78131067752844     26.47769261136205    6.222257857768049    0.2922234215898541    0.3225169266061508    AzTECC34a_COSLA19             
  AS2COS0076.1   150.3838842217553    2.0744807325156387   8.220360568541041    1.4315715152124007      1.1766630547254593      0.18671129672853343   0.80780816078172     0.7825077176094001   27.249885596506267   5.869631541445391    0.264495416202641     0.2906937055104351    ""                            
  AS2COS0076.2   150.38352504874558   2.0744560534237007   8.220360568541041    1.4315715152124007      1.1766630547254593      0.18671129672853343   0.80780816078172     0.7825077176094001   21.88715810883086    4.628881488665186    0.25864823284829747   0.2911898964558023    ""                            
  AS2COS0077.1   150.3409449913533    2.5248749556921095   9.443789980352275    1.667271192032512       1.3636892631041402      0.18153178788429594   0.8089991211891601   0.78144770860668     42.787293738573744   10.243900257318659   0.32259647658052454   0.34428033116729356   AzTECC37                      
  AS2COS0078.1   150.44706371094568   2.413733085700957    9.455494046274627    1.548561383155632       1.334461741782098       0.18807605926436133   0.80872237682352     0.7815013527870001   19.9191524393742     4.320377704618735    0.25715634568565854   0.2919058236353161    AzTECC31a                     
  AS2COS0078.2   150.44785347009352   2.415308976874073    9.455494046274627    1.548561383155632       1.334461741782098       0.18807605926436133   0.80872237682352     0.7815013527870001   8.311194403147425    3.357065529943148    0.512244056655941     0.5312825779833054    AzTECC31b                     
  AS2COS0078.3   150.44574643012666   2.4130287075943713   9.455494046274627    1.548561383155632       1.334461741782098       0.18807605926436133   0.80872237682352     0.7815013527870001   7.475854538445982    3.0731420369572513   0.5155993493581253    0.549410005753268     ""                            
  AS2COS0079.1   150.08060264005988   1.6851469925214833   8.381848265550705    1.502024212484197       1.2280292035229632      0.194265541647107     0.8085814714432801   0.7827091813087199   30.837159735962047   8.470355094322429    0.3228943816009716    0.3495439816573461    ""                            
  AS2COS0082.1   149.83929566217583   2.3777873660896325   8.509927453038392    1.5041373527931023      1.240760888413316       0.19904998981263972   0.8105129599572001   0.78122514486312     34.07928083441936    8.816803218262137    0.3264055688313868    0.3525056910050273    AzTECC21                      
  AS2COS0083.1   149.91573753919775   1.7868128777351835   9.680806799798333    1.6918237426634972      1.4714071412737866      0.20159601395076718   0.81052547693256     0.7818514704705599   40.22214971226541    9.620728812168284    0.32871725405172786   0.3528278164065329    ""                            
  AS2COS0084.1   149.58107528051693   2.252278015193397    7.865536158464537    1.4156321702820032      1.1882543649873325      0.19157407146703528   0.81105417013176     0.78101360797896     51.7947947334521     10.572343012547092   0.26149862498865534   0.2751077757705185    ""                            
  AS2COS0086.1   150.34489841506334   2.012706345746081    8.04539609875225     1.4094418991962332      1.205183112089161       0.1785974765918557    0.80955535173408     0.78191888332356     40.65139434362176    8.223516129878526    0.279398817958409     0.2997684374135932    ""                            
  AS2COS0087.1   149.80084236114888   2.165733083297401    8.12911863976296     1.4808916295049812      1.1899068785638551      0.20220815582331939   0.8104307651521201   0.7820294499396      29.17675814500224    8.08959521248264     0.3315779239250012    0.36118670795628516   COSMOS24                      
  AS2COS0090.1   150.51175224454144   1.7479405312599543   10.184341491182066   1.7924190975714822      1.5693987202027984      0.19307520762728853   0.81033992767332     0.7818998694418801   48.73879528664753    13.250466138895861   0.3633725169906405    0.38445883550540005   ""                            
  AS2COS0090.2   150.5103419035364    1.7459007120008405   10.184341491182066   1.7924190975714822      1.5693987202027984      0.19307520762728853   0.81033992767332     0.7818998694418801   5.125487694419826    2.1305006301952387   0.6839802638156153    0.664450876475121     ""                            
  AS2COS0093.1   150.05390253614647   2.576381995606319    6.495463837390883    1.3012118958107166      0.971804273028539       0.19164539873146602   0.80977487564088     0.7820120453835601   22.069676128400285   7.936276161254799    0.44120743829846004   0.49640103957703563   AzTECC10b                     
  AS2COS0093.2   150.0563868704251    2.573249823166534    6.495463837390883    1.3012118958107166      0.971804273028539       0.19164539873146602   0.80977487564088     0.7820120453835601   11.402062728894231   6.227290081347011    0.6699489396232764    0.7264755260841506    AzTECC10a                     
  AS2COS0094.1   150.26566924545352   2.7034861559564813   8.289979767141329    1.5194849813545748      1.3009482267028218      0.18985310365151484   0.8101631999016      0.7814174890518      38.48682983721585    9.625325296381629    0.33360088431731577   0.3584475053027479    ""                            
  AS2COS0095.1   150.12660116225928   2.6960717783472097   7.361915195280418    1.4028343251372402      1.1501598580952441      0.18398409107583605   0.8109740018844      0.78119498491272     23.399406932194328   4.972485177554593    0.266514542368881     0.2985139584275387    ""                            
  AS2COS0095.2   150.12596172497308   2.696358394924933    7.361915195280418    1.4028343251372402      1.1501598580952441      0.18398409107583605   0.8109740018844      0.78119498491272     18.161987415660697   6.04957790658423     0.3871708217972061    0.44400287169146524   ""                            
  AS2COS0096.1   149.68594540387463   2.4079842270715135   8.671383332391272    1.587407510477525       1.3322642697401417      0.1885355505281159    0.8101993203162      0.782204926014       32.256384140989525   10.779258634239326   0.40103510054176345   0.43327447397728536   ""                            
  AS2COS0096.2   149.6881520609706    2.407803107957916    8.671383332391272    1.587407510477525       1.3322642697401417      0.1885355505281159    0.8101993203162      0.782204926014       4.875258676233502    1.2473590487571966   0.46577219576175366   0.43792995377693944   ""                            
  AS2COS0098.1   150.4034300657061    2.1861475053698474   7.009358595328755    1.3576530006717187      1.111788730139101       0.18932318825991507   0.81107968091976     0.7816631793976799   40.17137324219425    9.344731949890557    0.31940053717233974   0.34283667619166874   AzTECC12_COSLA17N             
  AS2COS0099.1   149.92557654640416   1.7773193838742392   9.132489795441014    1.697595824876747       1.412753645672053       0.19025645676614192   0.80093353986756     0.7931232452393999   35.434849040461984   8.368012589162124    0.30738341915944584   0.33175632552936946   ""                            
  AS2COS0100.1   150.58856819271364   2.3191095278970897   7.839179648464734    1.4666887818302872      1.2695780877887568      0.18373349119916405   0.8114177584648801   0.7812545895576001   44.25766553442285    9.429584557309841    0.2909860889822809    0.3101263723380195    ""                            
  AS2COS0101.1   149.88867854547883   2.1424243148891753   7.841234145021445    1.4591152986160338      1.2265845163097362      0.17872711774355204   0.8124642372132      0.78183007240284     33.45286961710516    6.709837923530755    0.24846397737957082   0.2683369027448424    AzTECC50                      
  AS2COS0103.1   150.7193133682606    2.699787268579092    9.751142964673408    1.7404468838885787      1.5461762431085901      0.1939522764068934    0.80987948179236     0.7811249494554      34.06922307726129    11.921937702440191   0.44133890262578923   0.4766275050837385    ""                            
  AS2COS0105.1   150.66849146387153   1.7622706022197832   9.779488347784136    1.7507218861828395      1.5127137755669509      0.19396508452574365   0.81099057197556     0.7824103236198      44.17279149098402    9.632631294039202    0.29757073305172155   0.3171665152555858    ""                            
  AS2COS0105.2   150.66637934593408   1.7628919434868326   9.779488347784136    1.7507218861828395      1.5127137755669509      0.19396508452574365   0.81099057197556     0.7824103236198      16.16244024051024    5.685676615672187    0.40821008012638194   0.476653987750646     ""                            
  AS2COS0106.1   149.70529702299498   2.217129894039676    7.406074558381077    1.4097937083351422      1.189622201024651       0.19451406841479846   0.8128766417504399   0.78109288215624     20.92194431574888    4.881276905854543    0.2795026335000067    0.3156510890626661    AzTECC28a                     
  AS2COS0106.2   149.70531592119465   2.2153387704984686   7.406074558381077    1.4097937083351422      1.189622201024651       0.19451406841479846   0.8128766417504399   0.78109288215624     8.79162017976665     2.5967218466838524   0.37590102166842776   0.3914985402724154    AzTECC28b                     
  AS2COS0107.1   149.8139299913386    2.1298308683799543   7.836317468839735    1.4977908684296706      1.2786036477095957      0.19092496257196803   0.81398642063148     0.78096830844888     42.77882631442237    9.183592547597899    0.28926093960544697   0.30870805268699547   AzTECC119                     
  AS2COS0108.1   150.09507703463674   1.8612481840272734   6.894125790489471    1.3279364021137683      1.1198227023819234      0.19159213419874724   0.81416273117076     0.7812122702598      27.252130093718975   5.747151700438213    0.25896626653962623   0.28461580428479777   AzTECC123                     
  AS2COS0108.2   150.09504524598935   1.8601903815602134   6.894125790489471    1.3279364021137683      1.1198227023819234      0.19159213419874724   0.81416273117076     0.7812122702598      4.901157169014589    1.0126718573139042   0.37241504362770644   0.35306422810295685   ""                            
  AS2COS0110.1   150.60019590393483   2.5342181260856824   9.62440528582966     1.761062959979065       1.5532957661496525      0.1916934086513232    0.80051445960984     0.79094290733352     23.941608152246044   6.720785807322244    0.35422508581829204   0.39596440944428163   ""                            
  AS2COS0110.2   150.60001474671046   2.5336660213681284   9.62440528582966     1.761062959979065       1.5532957661496525      0.1916934086513232    0.80051445960984     0.79094290733352     11.866314211206783   2.891087368790084    0.2959823773164396    0.3197972744993887    ""                            
  AS2COS0110.3   150.59882748717544   2.533528756890731    9.62440528582966     1.761062959979065       1.5532957661496525      0.1916934086513232    0.80051445960984     0.79094290733352     5.415731411864178    3.7532083695657286   1.0952372241267057    1.0679999224514398    ""                            
  AS2COS0111.1   150.2647919563981    1.8029709656286586   7.534731059481045    1.4423804198616272      1.2204092557855422      0.17559753354469407   0.9535809755325599   0.80092382431032     37.93339308866172    8.993558090890058    0.3158306902946748    0.3396886805061836    ""                            
  AS2COS0113.1   150.110272984129     2.751522707189397    7.311317189883469    1.4045534104649064      1.1755415751260108      0.1917599739228481    0.80431866645804     0.7985697984694801   37.77397041222538    8.159968239630608    0.2883865343024096    0.3103210332283302    ""                            
  AS2COS0116.1   150.49171511637834   1.7463164308108472   9.532704468541723    1.780365115095484       1.5425448141408076      0.19804730294431075   0.8037756681444      0.79226940870288     38.41654024968544    11.191289939223074   0.38851371492231657   0.4175014433470248    ""                            
  AS2COS0116.2   150.49037170813904   1.7463672880036532   9.532704468541723    1.780365115095484       1.5425448141408076      0.19804730294431075   0.8037756681444      0.79226940870288     9.704429653192138    3.2951604763656603   0.4358957372260128    0.44399694682629154   ""                            
  AS2COS0119.1   149.7236968409123    2.281319190060772    7.257769962285407    1.385392542088983       1.2015604052826045      0.1914346394937178    0.80487060546888     0.79648011922824     21.65573039809404    5.695669689702387    0.3195126368248065    0.3598905304202718    AzTECC16a                     
  AS2COS0119.2   149.72580485249134   2.2794308861552994   7.257769962285407    1.385392542088983       1.2015604052826045      0.1914346394937178    0.80487060546888     0.79648011922824     14.175936231533578   5.15962412639718     0.41317794546385694   0.43522119337980775   AzTECC16b                     
  AS2COS0122.1   150.43601868319456   2.2309582922528164   6.636043836593703    1.304988156902267       1.1175317819916488      0.18668108270457884   0.8136590719222799   0.78111833333976     28.37224567765905    6.35923637744754     0.2725685800013801    0.29812494841733633   ""                            
  AS2COS0123.1   149.59826757448286   2.207807282705869    7.039948472800904    1.3932270901714405      1.165944243958445       0.18465230952002132   0.7997756600379601   0.79389601945884     36.58443352736544    7.582912029134482    0.2747863082303447    0.2962576210052686    ""                            
  AS2COS0126.1   150.3797519000239    1.9023735230095815   7.363649037751921    1.4376728159153158      1.267170665739032       0.18585019704582845   0.79956859350204     0.79338592290888     19.90453568973561    5.4353178472280375   0.32359862521949867   0.3673385720847357    AzTECC49                      
  AS2COS0126.2   150.38027292301098   1.899931191409888    7.363649037751921    1.4376728159153158      1.267170665739032       0.18585019704582845   0.79956859350204     0.79338592290888     5.2228253931736495   2.328766050550646    0.7292666423453824    0.7026072914958031    ""                            
  AS2COS0127.1   150.29820137626047   2.4780653285401377   7.829315142892116    1.5190879604159635      1.3609791335984012      0.19111737171636345   0.81383943557736     0.7813121080399199   28.202362874584946   7.8689863636307305   0.33913169137168686   0.37112021447244053   AzTECC109                     
  AS2COS0128.1   150.10627147869275   2.053496272225833    6.218756338336792    1.2472529828196102      1.0649064919459565      0.18539224521943568   0.8018220663072      0.79230690002448     20.92977863350588    5.614313209514142    0.3214471901285809    0.36301612631777125   AzTECC70                      
  AS2COS0128.2   150.1066805094846    2.054492582104326    6.218756338336792    1.2472529828196102      1.0649064919459565      0.18539224521943568   0.8018220663072      0.79230690002448     7.165633232210941    1.7508072384425328   0.310613387629992     0.33532405745550364   ""                            
  AS2COS0129.1   150.6337372922966    2.5783068091685943   9.084664913882126    1.7788471704837878      1.535425430387182       0.178294187884864     0.80189752578732     0.7826697230338799   41.009388566031426   8.16461760230591     0.27479225919650396   0.29462429009702085   ""                            
  AS2COS0129.3   150.63539164011226   2.5763541228994105   9.084664913882126    1.7788471704837878      1.535425430387182       0.178294187884864     0.80189752578732     0.7826697230338799   5.387975198611456    2.2185030941996984   0.6515988953837364    0.635266685552601     ""                            
  AS2COS0133.1   149.99979057566804   2.1092368620526543   6.599015482141339    1.3412765985547628      1.143860333987731       0.18470127747609288   0.8050737977028      0.79229384660736     39.82773760862252    8.85783228254383     0.3038747409281271    0.326259936423725     AzTECC118                     
  AS2COS0134.1   150.09690729090713   2.681922956944934    6.862792125428871    1.3817146388661552      1.1763912548801807      0.19561322287675867   0.80479544401152     0.7917729020118001   30.2267864156268     6.952996340918767    0.2701646598505191    0.2929286496820977    ""                            
  AS2COS0138.1   150.59178865209452   2.4136954871961023   8.01604379913611     1.5842287255596794      1.3708388597117729      0.19541122066334216   0.80790764093388     0.79159480333344     22.71110520738718    7.180244971535122    0.39249915878137287   0.4406773129573006    ""                            
  AS2COS0138.2   150.59116520955442   2.412115761025366    8.01604379913611     1.5842287255596794      1.3708388597117729      0.19541122066334216   0.80790764093388     0.79159480333344     4.6985220995785015   1.3546493959028878   0.521338660612521     0.48564407914473473   ""                            
  AS2COS0139.1   149.58246847973447   2.602796129335318    8.808470462881242    1.7402331772791904      1.541246699589605       0.20114963006902567   0.8036106228827999   0.79254710674272     53.55297353446291    12.786555057904284   0.3068686052504261    0.3223405102881631    ""                            
  AS2COS0143.1   149.95808797823614   1.9204990859080615   7.5308291621030365   1.5056939624668635      1.2995231513972376      0.19596660023316836   0.8055685758589199   0.79214465618136     21.41416049400552    5.5009037774001435   0.31017555205045505   0.3496009530367607    ""                            
  AS2COS0143.2   149.95878036054876   1.920689326022375    7.5308291621030365   1.5056939624668635      1.2995231513972376      0.19596660023316836   0.8055685758589199   0.79214465618136     8.213816730240724    2.288438972898096    0.35312727542939687   0.3657770934026983    ""                            
  AS2COS0144.1   149.66524860194946   2.3548757281781763   7.070049341649505    1.457614428036134       1.2264505723238122      0.19937355308706833   0.80292779207244     0.79349589347832     35.62887214765207    7.8851128074791985   0.28949760192465457   0.3124397077233591    ""                            
  AS2COS0145.1   149.6458169752689    2.197836154033853    5.479048700657649    1.3185286806136007      1.1920798336850806      0.182793723955791     0.80336219072328     0.79278975725184     30.899696624880235   8.203630799952547    0.31201769854178085   0.3377064164821768    ""                            
  AS2COS0147.1   149.49401683648      2.544371654588888    8.51891616050889     1.7282489765578042      1.4924340616040315      0.18817379653595098   0.80408895015708     0.79338818788524     29.661157220361503   9.935358780246922    0.3981570177479071    0.4328497050493782    ""                            
  AS2COS0148.1   149.71510190225175   2.06425630226557     7.751426729392134    1.584180152238793       1.3591521600459133      0.19083822577121873   0.80228912830344     0.78988188505176     38.95882926607096    8.338596805372685    0.28796524848075944   0.309330068515012     ""                            
  AS2COS0149.1   149.65878130953072   2.071943618056484    7.7384298208314375   1.596424396782874       1.3564245676531383      0.1859127037173908    0.80520892143264     0.7918915748594401   31.704171173939635   6.6330754855278355   0.24817106836874453   0.2682432715018412    ""                            
  AS2COS0150.1   150.40056485328387   1.8615351920112535   7.168428216656122    1.4949003920565564      1.302890986488653       0.1900568158661877    0.8068045973778      0.7914699316026      33.52557185220774    11.082344516129746   0.41023455750302057   0.443034096688863     ""                            
  AS2COS0151.1   149.45371456541943   1.9782439590639647   8.96206616676156     1.7854662747686723      1.5751733800809031      0.18611887593340917   0.80361074209212     0.7926080226897599   46.49434124226872    11.260350720031955   0.3284377366607598    0.3487841503323148    ""                            
  AS2COS0153.1   149.88204434007125   2.3189915380341057   6.593639929124482    1.3830382019472998      1.1809913606009879      0.19093182815971835   0.80310904979688     0.79302608966844     15.32420222858838    3.39646382782419     0.2647373363200458    0.31362894591340823   ""                            
  AS2COS0153.2   149.8815692319015    2.3181912532362836   6.593639929124482    1.3830382019472998      1.1809913606009879      0.19093182815971835   0.80310904979688     0.79302608966844     12.931745202871687   3.0667590250533463   0.2790170671911946    0.2959369729426757    ""                            
  AS2COS0155.1   149.8820521845758    2.51221709217495     7.714991911313962    1.5974712934911492      1.4001935767844005      0.1893156889959997    0.80309933424        0.7926863431932      46.70137561403805    11.767191317031441   0.34158683384255933   0.3626408539182997    AzTECC4_AzTEC4                
  AS2COS0157.1   150.42575888780064   1.6765502072056495   8.689071183516765    1.755711058293608       1.56887719937418        0.1987277087520594    0.804047524929       0.7928030490876      41.09790747543686    10.9100875524945     0.36638757006221817   0.3927677863819857    ""                            
  AS2COS0158.1   150.1731468564209    2.6917539043265615   6.397919128565122    1.373724496769893       1.1710225923887396      0.19771320379867774   0.80339533090596     0.793065071106       24.640845921579757   5.736798100886256    0.29402586612343834   0.3276073260594756    ""                            
  AS2COS0159.1   149.95945936583558   1.8934105331881486   7.237543107378976    1.5073926271837879      1.3313953948062425      0.18992631097893478   0.8030732870102401   0.79274648427948     41.8232291621823     9.094096547372981    0.29681636833853575   0.31754463881310124   AzTECC19                      
  AS2COS0160.1   149.8973373705703    2.3222146969983593   6.543537354963213    1.3599926151825796      1.1522497251919859      0.1951365268026284    0.8068135976791201   0.79411119222636     23.16785716940576    5.980485072366269    0.32316443209525947   0.3623216093865371    AzTECC40                      
  AS2COS0162.1   150.27352598046176   2.5439795482023646   6.997422257182945    1.4603687192760635      1.3192934395685167      0.20021619725360704   0.80194759368912     0.78955686092376     32.98372254324778    7.4864289721844095   0.2779109079064879    0.30019884631961824   ""                            
  AS2COS0164.1   150.5072113436143    1.679255398866363    8.627690158089624    1.7732603832847733      1.5938159359231516      0.2054209272971788    0.80232954025284     0.79425197839728     25.318488623403475   7.2361927199931975   0.35881176749883936   0.3983130386649065    ""                            
  AS2COS0168.1   150.35411303666038   1.8630910499622408   6.597177012754733    1.4158137073146264      1.239353547508255       0.19385975702541425   0.80318760871896     0.79264628887176     34.04682533273807    7.804532576218472    0.28888777891900785   0.31198421030489754   ""                            
  AS2COS0169.1   149.7190555997226    2.1540733513188566   6.485266717879812    1.3977986969995504      1.2151191873433378      0.18882253558150391   0.80416274070744     0.7950143218039201   25.53319990851867    6.60516034859385     0.3237221604835879    0.3589020974601765    ""                            
  AS2COS0170.1   150.33934684698437   2.7447422783223185   7.759617786897649    1.6717940029774434      1.4797767853399373      0.14153675354735903   0.80082952976232     0.79786473512652     25.443831420459354   6.505482639484837    0.32028767981695605   0.3552700565017375    ""                            
  AS2COS0171.1   149.97208819325195   1.7141409435904964   7.593727592770574    1.6284183655762892      1.4334827737357285      0.16883725175823758   0.8119489550590799   0.7838693857191601   37.71072580938261    7.982765125490455    0.2823287535802832    0.30381928167702643   ""                            
  AS2COS0174.1   150.41750788431372   2.763223851353344    8.21444809582171     1.7456602602474227      1.5535217873110163      0.20279983774914678   0.80252033472072     0.7936536669732      46.85688916786634    11.490477804890597   0.3323163494763729    0.3527182959384964    ""                            
  AS2COS0175.1   150.73577931006255   2.1995800725939847   7.658498248116569    1.6151342733031733      1.4448637774525839      0.18768878069934813   0.80280810594576     0.79297882318512     30.087148073997945   10.598266524177093   0.41400145064543314   0.44908693201054845   ""                            
  AS2COS0177.1   150.17183534762157   1.6601484169050043   7.171415189205597    1.5355933807297193      1.360888891647516       0.19205274915037138   0.80172514915452     0.79444009065636     20.897793904889603   5.3174178243237495   0.30455749056948866   0.34395821229504414   ""                            
  AS2COS0180.1   150.3479790325758    2.761067286096033    7.733208971837049    1.6312279615366716      1.5003639202167225      0.1929071948291279    0.80263030529016     0.79357218742368     25.49127010585385    5.865619676336118    0.2882033939993377    0.31961116603130957   ""                            
  AS2COS0182.1   149.76384690083552   1.9184069657346414   8.00283907241864     1.7398135958663241      1.5479140753949263      0.19104587570660567   0.8034063577653601   0.7958353161812399   31.51094608148833    7.1636013956251725   0.26875018969681286   0.29055084268569675   ""                            
  AS2COS0182.2   149.76338839302267   1.9179092533700768   8.00283907241864     1.7398135958663241      1.5479140753949263      0.19104587570660567   0.8034063577653601   0.7958353161812399   6.473915680811818    1.2751036523784942   0.25510776073163194   0.27611943894829616   ""                            
  AS2COS0184.1   149.87881880764309   2.5794451848622155   7.431613987545907    1.5998497700364993      1.452579015060957       0.1914610338782621    0.80316507816324     0.79535031318648     10.93687981726436    4.456298741166912    0.5039528739561137    0.545104905707559     ""                            
  AS2COS0184.2   149.87774620965942   2.5764590787599624   7.431613987545907    1.5998497700364993      1.452579015060957       0.1914610338782621    0.80316507816324     0.79535031318648     10.787927763942013   3.3303244709170463   0.3836472384856086    0.4124492496082961    ""                            
  AS2COS0184.3   149.87990510935364   2.5782094808922484   7.431613987545907    1.5998497700364993      1.452579015060957       0.1914610338782621    0.80316507816324     0.79535031318648     4.29778421371495     1.2239178735469998   0.47102645660535175   0.43877660924312356   ""                            
  AS2COS0187.1   149.78954835921004   2.0823949924347      6.996313745679885    1.5556713826737543      1.3712331655547008      0.188849134530139     0.8034936189652799   0.79518544673904     36.43545136176317    7.385979565904715    0.26825621311233155   0.2892684741848703    ""                            
  AS2COS0188.1   149.99497404289744   2.582705958414727    6.52123875504356     1.431669026146733       1.2619364554908943      0.20994007914755122   0.49822443723672     0.47008785605436     32.27629875207012    9.165572080558707    0.3409083282424721    0.36830621572406663   AzTECC2b                      
  AS2COS0189.1   149.49362823957566   2.2802034305176964   7.086864618601571    1.5351738327643831      1.365505903666695       0.19221402298886117   0.8028110861776799   0.7952779531479599   23.215788383046213   6.497969008531022    0.35084756569424586   0.39332106400114764   ""                            
  AS2COS0189.2   149.49488661677873   2.280631177086669    7.086864618601571    1.5351738327643831      1.365505903666695       0.19221402298886117   0.8028110861776799   0.7952779531479599   5.044378513652248    1.841374787482946    0.6139513478433667    0.6000840190293529    ""                            
  AS2COS0191.1   150.49063179279378   2.6133426235977133   7.790764398339215    1.7208918505640396      1.526970468465759       0.19215491421411657   0.80126732587824     0.7948936223981999   17.19816459824004    3.806604031412955    0.2523095869394197    0.290868290512084     ""                            
  AS2COS0191.2   150.4906132297247    2.6140419338356122   7.790764398339215    1.7208918505640396      1.526970468465759       0.19215491421411657   0.80126732587824     0.7948936223981999   4.758491391377021    1.0163754236488836   0.3911534627684419    0.3643722930642983    ""                            
  AS2COS0192.1   150.01609326336003   2.7923557645666506   6.858050574425744    1.4652180600218392      1.3304980546010183      0.17440947944061388   0.80492156744004     0.78031706810004     24.979837457881633   4.980972591225807    0.25155550987849384   0.2798190787897905    ""                            
  AS2COS0192.2   150.0173458311844    2.789744518869273    6.858050574425744    1.4652180600218392      1.3304980546010183      0.17440947944061388   0.80492156744004     0.78031706810004     6.95710456688177     4.447307441040108    0.8157153472428109    0.8922062617407223    ""                            
  AS2COS0195.1   149.494337274987     2.256708415289289    6.758331131064476    1.4910037169410666      1.3517942994998373      0.18333161380596674   0.8022189736368001   0.7954414486883999   16.263342680537363   4.735899252318315    0.33834997819214596   0.39475553968172117   ""                            
  AS2COS0195.2   149.49406495821313   2.2543802089445206   6.758331131064476    1.4910037169410666      1.3517942994998373      0.18333161380596674   0.8022189736368001   0.7954414486883999   5.9489243859117655   2.052279785944114    0.4814793310511081    0.5123953351863934    ""                            
  AS2COS0196.1   150.2701997902169    2.4832109604494548   6.473634736497632    1.4419350613813773      1.2733048339367414      0.19317767820177761   0.8060398101806401   0.79400259256356     22.883036335501878   5.373191533731788    0.29271193342416874   0.3285032591234348    ""                            
  AS2COS0196.2   150.268560328664     2.4799412640946663   6.473634736497632    1.4419350613813773      1.2733048339367414      0.19317767820177761   0.8060398101806401   0.79400259256356     5.1872200438891785   2.3790289957486506   0.7524636724210385    0.729995131079506     ""                            
  AS2COS0198.1   150.38142330717037   2.4211195712223046   6.843308611727656    1.482724730291081       1.3474115961148083      0.19393805590921973   0.80490058660512     0.79446047544468     38.20750227258961    9.154982508735321    0.3187891489417903    0.34265241032218763   AzTECC15                      
  AS2COS0199.1   150.42726014718565   2.004077222979696    6.313471522136223    1.4147883604119595      1.2376630849632742      0.18549637350096118   0.8045066595078001   0.79553598165504     34.49068638243003    6.990755805716594    0.25878325708081373   0.2794743789155234    ""                            
  AS2COS0203.1   149.7769557853075    2.4099629807253082   6.744047375910453    1.4762935091579337      1.340130400070544       0.18535266831941688   0.8025583624840801   0.7955218553544      31.69005549295189    6.944484278132266    0.2598635939530858    0.2808851163278212    ""                            
  AS2COS0210.1   149.6809819048808    2.75504015260731     7.855655544457841    1.769859602159749       1.531548590706869       0.1893807491336809    0.802184164524       0.79523986577976     17.48436912080145    4.204131477361251    0.2759370714053732    0.3176325273391455    ""                            
  AS2COS0218.1   149.8692712316604    2.13037343206372     6.320168113536945    1.4447772023533965      1.273452537979642       0.18975171742339644   0.8027924299239599   0.79687947034836     26.36229344253964    7.076576830507833    0.33458601322380677   0.36952927142845865   ""                            
  AS2COS0219.1   149.88538248137206   1.8390203868201767   7.197570491156379    1.6266902143371729      1.4978555248980738      0.18744718370394517   0.8029454946519601   0.79678255319604     18.36212304265626    4.48825614706363     0.2838697276904826    0.3249775859837642    ""                            
  AS2COS0219.2   149.88620674658097   1.8397355462839484   7.197570491156379    1.6266902143371729      1.4978555248980738      0.18744718370394517   0.8029454946519601   0.79678255319604     12.046737063726011   3.0350360539595598   0.30492413277420344   0.32921346726734035   ""                            
  AS2COS0220.1   150.00780185367927   1.6861360692949714   6.596164419719038    1.5235872665774561      1.3950822104800649      0.1865588314506348    0.8005648255347599   0.79916119575516     23.264242097483898   5.5634869249626755   0.2998766867314831    0.33610990767779264   ""                            
  AS2COS0223.1   149.74948760019748   1.8518593102827423   7.541890918778283    1.724023069906715       1.551531982541996       0.19167064735856354   0.8020276427268      0.79756623506556     18.371903617735196   5.356711519100392    0.3387710224505001    0.3878249437863136    ""                            
  AS2COS0223.2   149.75084218017057   1.8521692041813844   7.541890918778283    1.724023069906715       1.551531982541996       0.19167064735856354   0.8020276427268      0.79756623506556     18.333055462685163   4.403117879542341    0.278592135452293     0.3189535071418887    ""                            
  AS2COS0226.1   149.52813975356295   2.4132116401803163   7.128320748317169    1.6380339041505607      1.460438483222859       0.19526713290353667   0.8021145462991199   0.79783308506016     23.017083419332288   6.6841100186462405   0.3629070937713917    0.40711488822902564   ""                            
  AS2COS0226.2   149.52902609449617   2.413701640620539    7.128320748317169    1.6380339041505607      1.460438483222859       0.19526713290353667   0.8021145462991199   0.79783308506016     12.147913539091018   2.839088296731084    0.28237355494246424   0.30448323872644034   ""                            
  AS2COS0228.1   150.6166489597305    2.167936320270196    6.251010979288631    1.43839832227341        1.2895583147978842      0.16431720070799827   0.8023057579994399   0.78868758678444     20.707746343899963   3.3846427773167465   0.19570905933856952   0.2213015492284507    ""                            
  AS2COS0228.2   150.61636417233873   2.167957645415668    6.251010979288631    1.43839832227341        1.2895583147978842      0.16431720070799827   0.8023057579994399   0.78868758678444     15.169962633796189   3.0064575958374564   0.2379791267940914    0.28274030404011086   ""                            
  AS2COS0229.1   150.3239224679066    2.7516333063009206   6.953667763119081    1.6117166758655257      1.4427418558232192      0.17337400162767094   0.80380064249028     0.77694773673996     25.17677288861092    4.919041832899477    0.24562292872726843   0.27287378827505826   ""                            
  AS2COS0230.1   149.6151090408226    1.7895483322012007   7.353496980422596    1.6868036250747922      1.5294496348719733      0.19234858509179206   0.79989564418776     0.7829819321634      41.27340678621963    8.795404717687381    0.293705281337143     0.31472449520503964   ""                            
  AS2COS0231.1   149.78371881921092   2.817921908495132    7.660733328399927    1.7466858134579581      1.5510335564320554      0.19534468280629233   0.8035553693772001   0.79635232686996     27.09703089667345    8.178742027337668    0.3701440500668964    0.4069814410464564    ""                            
  AS2COS0234.1   149.9274302025223    1.9171036568113429   6.693058967315426    1.541047367310421       1.379878741269903       0.20766283000667812   0.8025920987130001   0.7971369624136799   17.5199855767065     7.95911992327966     0.5212826436363934    0.5998580641620747    AzTECC84b                     
  AS2COS0239.1   150.31058414140364   2.4515407072953512   6.303515700499415    1.457087657235915       1.327550589085729       0.19241772559168813   0.80158936977396     0.79613751173004     26.728506364447536   6.1372502449844974   0.2844061244844251    0.3134580215162767    AzTECC20                      
  AS2COS0239.2   150.3116440489885    2.451014874834661    6.303515700499415    1.457087657235915       1.327550589085729       0.19241772559168813   0.80158936977396     0.79613751173004     9.733225605734708    2.3016657063345582   0.30358659492657514   0.30905553284344195   ""                            
  AS2COS0242.1   150.2884366024805    1.6825514898179148   7.143615510869485    1.6555927221848679      1.511327028675237       0.20008978139803169   0.80214619636548     0.7975364923476      30.141222252899148   7.801753574236256    0.3044491645999962    0.33022176551243665   ""                            
  AS2COS0242.2   150.2877390803269    1.6831580117373899   7.143615510869485    1.6555927221848679      1.511327028675237       0.20008978139803169   0.80214619636548     0.7975364923476      10.446297086431587   3.388504344393521    0.40847377251127565   0.42778285096201407   ""                            
  AS2COS0244.1   150.70246190116652   2.754113353602441    7.198582308023321    1.6768490127807114      1.549068258343734       0.18569719960234599   0.80503106117256     0.79569512605656     30.145243479262316   7.9799429170747365   0.3113882550174274    0.3377469480245675    ""                            
  AS2COS0246.1   150.50532571889275   2.7262101215003334   7.306457926585159    1.6943232756984656      1.5664304370172566      0.2027926920650766    0.80307137966148     0.7966105341912      23.04186167684576    7.103159726496257    0.3853490557884857    0.43224831987473816   ""                            
  AS2COS0246.2   150.50454190589807   2.7250331727834407   7.306457926585159    1.6943232756984656      1.5664304370172566      0.2027926920650766    0.80307137966148     0.7966105341912      4.828458346904139    1.160657751817375    0.4418731314767567    0.4141292642060662    ""                            
  AS2COS0247.1   150.40263993345874   2.6108429166129117   7.147335802874293    1.6703593775199836      1.4945764600707587      0.18707279439267765   0.80213785171524     0.79694074392336     18.111429169072963   7.455871306400955    0.4780068069737587    0.5483131177653106    ""                            
  AS2COS0257.1   149.5584820949675    2.00308415999717     7.126692930281019    1.7075217424403597      1.5424586456360156      0.18850355062519392   0.8005277514456001   0.7991840243339999   22.066453813512      6.02199282613928     0.3348308725837086    0.37672354011084974   ""                            
  AS2COS0260.1   149.48584570126897   2.520229614983305    6.904039435851043    1.6494571120392987      1.5131530102748094      0.18922785578585696   0.80073326826108     0.79898756742468     16.25810372158321    3.5482781771886227   0.2535596866768165    0.2958412765935097    ""                            
  AS2COS0260.2   149.48575834073006   2.5196946388001926   6.904039435851043    1.6494571120392987      1.5131530102748094      0.18922785578585696   0.80073326826108     0.79898756742468     10.824059982330418   3.8786457104186107   0.4451036609721502    0.47924637412936644   ""                            
  AS2COS0261.1   149.64308086541524   1.9175108244919419   7.022035996915323    1.7032806950562023      1.5471681109542201      0.19725339016226562   0.80068105459224     0.79916107654584     27.215574458882095   6.949636682383088    0.3132934797726978    0.3443395125481722    ""                            
  AS2COS0262.1   149.68029526948675   1.7008855822479894   7.061801520874929    1.7060488571884163      1.54901013469786        0.19595255177780097   0.8006870746612801   0.799310207367       22.579902690742113   6.273462484151432    0.3436209272957709    0.3858947111312334    ""                            
  AS2COS0263.1   150.4879707150563    1.7320049875448853   7.168670464407782    1.7140526863321046      1.562399699242599       0.19342642088125075   0.80148845911032     0.79777097702028     26.11048577828418    7.499943806539426    0.3587363609900296    0.39668470609668105   ""                            
  AS2COS0268.1   150.5047060576756    1.8423213152222775   6.458503341624944    1.5813312241177586      1.4205415518483342      0.19435487398482446   0.80108165740968     0.79890388250364     19.222989574775013   5.99379782434481     0.36601368349756386   0.4169341930839639    ""                            
  AS2COS0268.2   150.50512156708368   1.84222421748848     6.458503341624944    1.5813312241177586      1.4205415518483342      0.19435487398482446   0.80108165740968     0.79890388250364     8.697820198080736    3.566703538388774    0.5243990195630007    0.5430495481085171    ""                            
  AS2COS0268.3   150.5064237824987    1.8449919459832624   6.458503341624944    1.5813312241177586      1.4205415518483342      0.19435487398482446   0.80108165740968     0.79890388250364     6.704493495376773    3.153001112474374    0.6040444829957434    0.6485315685505155    ""                            
  AS2COS0272.1   150.31664272119303   1.6037440508016583   7.571133464710631    1.8246194324921454      1.6757648615834801      0.19699671233221033   0.80181205272684     0.798257470131       18.531201027667045   5.12530575882663     0.32230093197801873   0.36866770523113107   ""                            
  AS2COS0272.2   150.3189601210121    1.6050363143618729   7.571133464710631    1.8246194324921454      1.6757648615834801      0.19699671233221033   0.80181205272684     0.798257470131       8.806603575729445    4.155025832083391    0.6004564284692281    0.6256488352240177    ""                            
  AS2COS0275.1   149.95457687874688   1.7437677629891741   6.557774949508768    1.5803991548844287      1.422068219273041       0.19685711845870396   0.80068421363832     0.7988951206206      14.904304110812676   3.837507240736929    0.29263328641744313   0.30680797167736507   ""                            
  AS2COS0275.2   149.95168786298981   1.7440456140100604   6.557774949508768    1.5803991548844287      1.422068219273041       0.19685711845870396   0.80068421363832     0.7988951206206      14.016661256981608   5.390353229372402    0.4378745972867506    0.4624116853325477    ""                            
  AS2COS0281.1   150.44597903204254   1.651375636634155    7.253957390493665    1.742692554799202       1.578133519067948       0.19992174648736225   0.801187455654       0.79867666959768     14.594630719250262   3.8740511235719177   0.3017813926570923    0.3169838388828891    ""                            
  AS2COS0281.2   150.4465984639415    1.6517075174027318   7.253957390493665    1.742692554799202       1.578133519067948       0.19992174648736225   0.801187455654       0.79867666959768     13.10687294654206    3.4685059072355022   0.3088571917099152    0.32820316236540176   ""                            
  AS2COS0282.1   149.58539706306337   1.8062760311979837   6.746236502814363    1.6415290219594203      1.5129433328356372      0.1851411925078564    0.80118346214304     0.7987121343612      15.41818507840588    6.741543617438059    0.5171330322007113    0.610847266529762     ""                            
  AS2COS0285.1   150.58115043084874   2.7331392030202775   6.910730851241104    1.6847334913698688      1.5336445813134132      0.1946086166188736    0.8007476925848399   0.79903441667556     18.83499018312626    5.085818797558163    0.31567195066774745   0.36041292811623793   ""                            
  AS2COS0285.2   150.58403080057042   2.733462742217447    6.910730851241104    1.6847334913698688      1.5336445813134132      0.1946086166188736    0.8007476925848399   0.79903441667556     5.715873177906574    1.2782991746315115   0.33552211237668117   0.3477150486301607    ""                            
  AS2COS0286.1   149.68789050129516   2.568450778817247    6.830210084747202    1.6758346184555997      1.5262370967034542      0.18706852317642042   0.8006019592284      0.7990612983702      19.975131576623674   5.094443191865722    0.3029515433634429    0.3438466386400625    ""                            
  AS2COS0299.1   149.59078881112828   1.9938530749899015   6.728415283964312    1.690963222390777       1.5525846413406814      0.20220115897754704   0.8003332614898799   0.79921174049388     28.933644159404356   9.45516805114702     0.3937906766385113    0.42957251590076545   ""                            
  AS2COS0302.1   150.79211764716308   1.8720598463193305   6.937161388651879    1.7099067779605281      1.5750448400598946      0.1937222886386709    0.80066466331488     0.79870158433908     17.0075653227198     5.221559754981623    0.3502865918238241    0.40456708767380306   ""                            
  AS2COS0305.1   149.87456609238143   2.6609919926861383   6.393662456427113    1.6161749353522428      1.4683443554387816      0.20141298800033633   0.8001298904418      0.79897540807728     20.403715121527085   4.922017437675608    0.28756673639232094   0.32561450971557543   ""                            
  AS2COS0305.2   149.87552978023186   2.659955484676772    6.393662456427113    1.6161749353522428      1.4683443554387816      0.20141298800033633   0.8001298904418      0.79897540807728     5.348339228158734    1.6517301457041538   0.4920226723376386    0.47401920070148057   ""                            
  AS2COS0307.1   149.87311151646844   1.893774513629208    6.384553909266947    1.6015858204790439      1.462028725613301       0.19589008270969763   0.8004748225212001   0.7988575696945199   22.76804739219512    8.569127610243092    0.4678277351456947    0.5251706547919411    ""                            
  AS2COS0308.1   150.60878649002137   2.7697045718729254   6.741006261408058    1.6936402086164737      1.5512555775573098      0.18868618054496983   0.80059623718248     0.7989665269852799   18.153150162070578   4.075798162859746    0.2608774635666011    0.2991758445839207    ""                            
  AS2COS0311.1   150.7073574426952    1.723779905865058    6.540168037556118    1.6557144527313934      1.5233095032679103      0.20417518962670553   0.80016338825208     0.79984384775172     33.6160106748333     11.360592668656178   0.42013447576738433   0.45369104350703904   ""                            
  AS2COS0320.1   149.58456107525384   2.6797423512399354   6.63858284745963     1.6757742082863274      1.5515676730064571      0.1946045680726582    0.8006640076638      0.7990906834602001   9.38835158786193     3.5938733778483636   0.49518609169771416   0.5037041489106124    ""                            
  AS2COS0321.1   149.55510072267143   1.8306556345234513   6.565790546902407    1.6749935232387783      1.5305568756879007      0.20757339762078028   0.8010953664778799   0.7950615286827599   26.75867238015399    8.12652272160719     0.3764472994743937    0.41488497680886693   ""                            
  AS2COS0324.1   149.62440500181745   1.9523715561604362   6.5771780525879375   1.6760883268058864      1.5520077410234343      0.20054095138827396   0.801600396633       0.7966423630713599   17.67363525651648    4.813743489274882    0.3127293214183677    0.3594308386554132    ""                            
  AS2COS0330.1   150.7683052703288    1.7340961341745837   6.7689732293456695   1.7033611622996245      1.590369494562247       0.18917945541585207   0.8010133504865999   0.79825121164332     18.68323388677715    5.746782571329345    0.35927006446968396   0.4106100627704425    ""                            
  AS2COS0330.2   150.76814848841815   1.7349904107916985   6.7689732293456695   1.7033611622996245      1.590369494562247       0.18917945541585207   0.8010133504865999   0.79825121164332     8.251704628379667    2.698049157615084    0.4142934414524909    0.42953596091973967   ""                            
  AS2COS0330.3   150.76550613278977   1.7347839459026393   6.7689732293456695   1.7033611622996245      1.590369494562247       0.18917945541585207   0.8010133504865999   0.79825121164332     5.291256521809773    1.5180627499052661   0.46073238545798945   0.4450458596862706    ""                            
  AS2COS0339.1   150.62827994813006   1.9978164280014203   6.288382895176       1.6284240825076983      1.4805510852460637      0.19318820442193763   0.80082839727396     0.7971559762953601   12.2087288733938     6.590288541279285    0.6509222272704558    0.7010688941047897    ""                            
  AS2COS0343.1   149.52806413467627   2.6705078661562265   6.306019685024133    1.6643978696714292      1.5347968936871776      0.1954225565927452    0.80103576183336     0.7980195283891199   17.379731680750243   5.470367700037714    0.3602223516615892    0.4148590869208168    ""                            
  AS2COS0346.1   149.83987482705757   1.7937852401531031   6.5537402350241285   1.6921338422904162      1.5701821883933116      0.21308976450928116   0.8009182810782001   0.7900317907333201   26.063644910197393   9.018363296774634    0.4334894165457568    0.4795952222759108    ""                            
  AS2COS0347.1   150.51495146991965   2.6176123305755463   6.325162727218153    1.6510802821625852      1.5572500833690963      0.20011036825553694   0.80248010158548     0.78631645441068     20.565086104025262   6.525846318413081    0.3787358988488693    0.42846945223093086   ""                            
  AS2COS0353.1   149.51389524316497   2.0445175070948522   6.145969858696856    1.6463016093549196      1.5410358693433128      0.1840643197000267    0.80204015970216     0.79394578933716     12.457614343636097   3.729299786264609    0.3587324209811317    0.384176620048332     ""                            
  AS2COS0353.2   149.51357921461306   2.044459407224798    6.145969858696856    1.6463016093549196      1.5410358693433128      0.1840643197000267    0.80204015970216     0.79394578933716     5.188359360764007    0.830399883862973    0.26256933647887015   0.2546602409779432    ""                            
  AS2COS0358.1   150.72966889562662   2.0702958122692783   6.320043947414847    1.6631193686691024      1.5662073504789493      0.2009988622079648    0.80155783891692     0.7978951334952      17.03462900038376    5.691859640348674    0.3809839392813004    0.43986911120958155   ""                            
  AS2COS0358.2   150.7297893587872    2.071177019711067    6.320043947414847    1.6631193686691024      1.5662073504789493      0.2009988622079648    0.80155783891692     0.7978951334952      5.248089904895185    1.3637488448237307   0.4233077950004332    0.40504040941147046   ""                            
  AS2COS0362.1   149.69350198339728   1.7228550672700194   6.3728282984239515   1.673785608455118       1.55815215312058        0.18384596135990006   0.80293542146676     0.79342555999752     26.346309946617442   6.729237604212632    0.3183821608680527    0.35165836764291586   ""                            
  AS2COS0366.1   149.80840130091227   2.7203821145096043   6.435882802091206    1.7028269272443808      1.566686458736199       0.1960863562302194    0.80179852247244     0.7937421798704399   19.649075151519906   5.488672386781619    0.33001223434299604   0.3751213732420717    ""                            
  AS2COS0367.1   150.59997013355868   2.639992616526478    6.265951830751199    1.6778779058378497      1.552806636539107       0.19644734485351398   0.80093324184408     0.79827898740768     31.567299974328094   9.809666836836122    0.3679542016092163    0.39779636579561545   ""                            
  AS2COS0381.1   150.74617113498968   1.649933837951145    7.057828167127222    1.9277987001424144      1.7940467909695785      0.19598133694139236   0.80042928457248     0.79017764329908     19.837281818543456   6.238122603438882    0.3725424792903224    0.42307477411473304   ""                            
  AS2COS0381.2   150.74664402019476   1.650462701307605    7.057828167127222    1.9277987001424144      1.7940467909695785      0.19598133694139236   0.80042928457248     0.79017764329908     4.83085695542463     1.8426288199700536   0.7007713017520337    0.6570916256502923    ""                            
  AS2COS0426.1   149.5592387991562    1.5723162148654244   6.266828385819606    1.6865260256296821      1.62465592925152        0.19215772795373623   0.80191254615768     0.78912007808688     24.028726568721126   5.680987294602644    0.2984187560004289    0.3334506719512872    ""                            
